# Data source: VanderSat
# Creation date: 2021-08-02
# Copyright: 2021, VanderSat B.V.
# Documentation: https://docs.vandersat.com/
# Contact information: https://www.vandersat.com/contact/
# Unit m3/m3
date,SM-SMAP-LN-DESC_V3.2_100_AVG_b20d,SM-SMAP-LN-DESC_V3.2_100_CLIM_1d,SM-SMAP-LN-DESC_V3.2_100_ANOM_AVG
2015-04-01,,0.2799,
2015-04-02,,0.2777,
2015-04-03,0.2944,0.2801,0.0143
2015-04-04,0.2944,0.2775,0.0169
2015-04-05,0.2877,0.2756,0.0121
2015-04-06,0.2818,0.2752,0.0067
2015-04-07,0.2818,0.2745,0.0073
2015-04-08,0.2802,0.2729,0.0073
2015-04-09,0.2802,0.2721,0.0081
2015-04-10,0.2748,0.2703,0.0044
2015-04-11,0.2698,0.2677,0.0021
2015-04-12,0.2698,0.2666,0.0032
2015-04-13,0.2673,0.2648,0.0025
2015-04-14,0.2620,0.2630,-0.0010
2015-04-15,0.2620,0.2618,0.0001
2015-04-16,0.2589,0.2600,-0.0011
2015-04-17,0.2589,0.2582,0.0008
2015-04-18,0.2530,0.2535,-0.0005
2015-04-19,0.2480,0.2501,-0.0021
2015-04-20,0.2480,0.2485,-0.0006
2015-04-21,0.2424,0.2446,-0.0022
2015-04-22,0.2337,0.2406,-0.0070
2015-04-23,0.2288,0.2364,-0.0075
2015-04-24,0.2266,0.2332,-0.0066
2015-04-25,0.2226,0.2300,-0.0074
2015-04-26,0.2173,0.2264,-0.0091
2015-04-27,0.2224,0.2248,-0.0024
2015-04-28,0.2182,0.2224,-0.0042
2015-04-29,0.2174,0.2219,-0.0045
2015-04-30,0.2153,0.2200,-0.0047
2015-05-01,0.2133,0.2195,-0.0062
2015-05-02,0.2128,0.2191,-0.0062
2015-05-03,0.2098,0.2163,-0.0065
2015-05-04,0.2124,0.2149,-0.0025
2015-05-05,0.2150,0.2142,0.0008
2015-05-06,0.2136,0.2119,0.0016
2015-05-07,0.2149,0.2110,0.0039
2015-05-08,0.2163,0.2092,0.0070
2015-05-09,0.2182,0.2080,0.0103
2015-05-10,0.2203,0.2066,0.0137
2015-05-11,0.2241,0.2069,0.0172
2015-05-12,0.2254,0.2060,0.0194
2015-05-13,0.2254,0.2059,0.0195
2015-05-14,0.2278,0.2058,0.0220
2015-05-15,0.2244,0.2034,0.0210
2015-05-16,0.2227,0.2019,0.0207
2015-05-17,0.2171,0.2005,0.0166
2015-05-18,0.2145,0.1989,0.0156
2015-05-19,0.2150,0.1972,0.0178
2015-05-20,0.2099,0.1936,0.0163
2015-05-21,0.2056,0.1901,0.0155
2015-05-22,0.2054,0.1883,0.0171
2015-05-23,0.2036,0.1876,0.0160
2015-05-24,0.1953,0.1840,0.0112
2015-05-25,0.1906,0.1828,0.0079
2015-05-26,0.1869,0.1812,0.0057
2015-05-27,0.1829,0.1801,0.0028
2015-05-28,0.1781,0.1795,-0.0014
2015-05-29,0.1774,0.1780,-0.0006
2015-05-30,0.1712,0.1764,-0.0051
2015-05-31,0.1716,0.1753,-0.0037
2015-06-01,0.1736,0.1740,-0.0004
2015-06-02,0.1736,0.1716,0.0020
2015-06-03,0.1756,0.1709,0.0047
2015-06-04,0.1745,0.1706,0.0039
2015-06-05,0.1712,0.1698,0.0014
2015-06-06,0.1733,0.1691,0.0042
2015-06-07,0.1723,0.1664,0.0058
2015-06-08,0.1679,0.1662,0.0017
2015-06-09,0.1658,0.1650,0.0008
2015-06-10,0.1665,0.1642,0.0022
2015-06-11,0.1665,0.1639,0.0026
2015-06-12,0.1649,0.1626,0.0023
2015-06-13,0.1608,0.1622,-0.0014
2015-06-14,0.1624,0.1617,0.0007
2015-06-15,0.1639,0.1612,0.0027
2015-06-16,0.1617,0.1607,0.0010
2015-06-17,0.1620,0.1599,0.0022
2015-06-18,0.1612,0.1598,0.0014
2015-06-19,0.1615,0.1596,0.0019
2015-06-20,0.1601,0.1594,0.0007
2015-06-21,0.1547,0.1604,-0.0057
2015-06-22,0.1604,0.1625,-0.0020
2015-06-23,0.1566,0.1633,-0.0067
2015-06-24,0.1603,0.1656,-0.0053
2015-06-25,0.1646,0.1660,-0.0015
2015-06-26,0.1612,0.1671,-0.0059
2015-06-27,0.1633,0.1673,-0.0040
2015-06-28,0.1681,0.1667,0.0014
2015-06-29,0.1703,0.1677,0.0026
2015-06-30,0.1690,0.1692,-0.0002
2015-07-01,0.1690,0.1704,-0.0015
2015-07-02,0.1650,0.1704,-0.0054
2015-07-03,0.1661,0.1706,-0.0045
2015-07-04,0.1648,0.1703,-0.0055
2015-07-05,0.1666,0.1711,-0.0045
2015-07-06,0.1692,0.1704,-0.0011
2015-07-07,0.1695,0.1712,-0.0017
2015-07-08,0.1704,0.1721,-0.0017
2015-07-09,0.1709,0.1734,-0.0025
2015-07-10,0.1720,0.1746,-0.0026
2015-07-11,0.1690,0.1754,-0.0064
2015-07-12,0.1650,0.1749,-0.0100
2015-07-13,0.1693,0.1779,-0.0087
2015-07-14,0.1669,0.1772,-0.0103
2015-07-15,0.1682,0.1785,-0.0103
2015-07-16,0.1713,0.1797,-0.0084
2015-07-17,0.1702,0.1809,-0.0107
2015-07-18,0.1741,0.1815,-0.0073
2015-07-19,0.1755,0.1830,-0.0075
2015-07-20,0.1771,0.1828,-0.0056
2015-07-21,0.1786,0.1818,-0.0032
2015-07-22,0.1834,0.1830,0.0004
2015-07-23,0.1883,0.1829,0.0054
2015-07-24,0.1853,0.1819,0.0033
2015-07-25,0.1852,0.1815,0.0037
2015-07-26,0.1889,0.1819,0.0070
2015-07-27,0.1905,0.1781,0.0124
2015-07-28,0.1913,0.1794,0.0119
2015-07-29,0.1929,0.1788,0.0141
2015-07-30,0.1935,0.1810,0.0125
2015-07-31,0.1998,0.1794,0.0204
2015-08-01,0.1997,0.1824,0.0174
2015-08-02,0.1980,0.1805,0.0175
2015-08-03,0.1965,0.1832,0.0134
2015-08-04,0.1960,0.1820,0.0140
2015-08-05,0.1949,0.1817,0.0132
2015-08-06,0.1938,0.1804,0.0134
2015-08-07,0.1915,0.1792,0.0123
2015-08-08,0.1943,0.1783,0.0160
2015-08-09,0.1930,0.1773,0.0157
2015-08-10,0.1927,0.1772,0.0155
2015-08-11,0.1962,0.1779,0.0183
2015-08-12,0.1976,0.1789,0.0187
2015-08-13,0.2017,0.1790,0.0226
2015-08-14,0.2017,0.1789,0.0228
2015-08-15,0.1992,0.1779,0.0213
2015-08-16,0.1978,0.1783,0.0195
2015-08-17,0.2013,0.1777,0.0236
2015-08-18,0.2005,0.1755,0.0250
2015-08-19,0.2007,0.1744,0.0263
2015-08-20,0.1990,0.1735,0.0255
2015-08-21,0.1990,0.1710,0.0280
2015-08-22,0.1974,0.1701,0.0273
2015-08-23,0.1989,0.1680,0.0309
2015-08-24,0.1962,0.1667,0.0295
2015-08-25,0.1976,0.1664,0.0312
2015-08-26,0.1990,0.1662,0.0328
2015-08-27,0.1987,0.1673,0.0315
2015-08-28,0.1998,0.1694,0.0305
2015-08-29,0.2017,0.1719,0.0298
2015-08-30,0.2014,0.1751,0.0263
2015-08-31,0.1984,0.1741,0.0243
2015-09-01,0.2007,0.1745,0.0262
2015-09-02,0.1988,0.1742,0.0247
2015-09-03,0.1985,0.1740,0.0245
2015-09-04,0.1954,0.1753,0.0201
2015-09-05,0.1970,0.1762,0.0208
2015-09-06,0.1931,0.1766,0.0166
2015-09-07,0.1937,0.1795,0.0143
2015-09-08,0.1929,0.1794,0.0135
2015-09-09,0.1907,0.1796,0.0111
2015-09-10,0.1883,0.1814,0.0070
2015-09-11,0.1892,0.1828,0.0064
2015-09-12,0.1907,0.1834,0.0073
2015-09-13,0.1962,0.1865,0.0097
2015-09-14,0.1947,0.1868,0.0079
2015-09-15,0.1982,0.1861,0.0121
2015-09-16,0.1985,0.1866,0.0119
2015-09-17,0.1989,0.1840,0.0149
2015-09-18,0.2019,0.1824,0.0195
2015-09-19,0.2022,0.1786,0.0236
2015-09-20,0.2034,0.1771,0.0263
2015-09-21,0.2027,0.1759,0.0268
2015-09-22,0.2048,0.1751,0.0297
2015-09-23,0.2062,0.1746,0.0316
2015-09-24,0.2102,0.1731,0.0372
2015-09-25,0.2140,0.1771,0.0368
2015-09-26,0.2115,0.1779,0.0336
2015-09-27,0.2124,0.1753,0.0370
2015-09-28,0.2092,0.1782,0.0311
2015-09-29,0.2107,0.1772,0.0335
2015-09-30,0.2149,0.1785,0.0364
2015-10-01,0.2120,0.1794,0.0326
2015-10-02,0.2123,0.1789,0.0334
2015-10-03,0.2055,0.1816,0.0238
2015-10-04,0.2026,0.1839,0.0187
2015-10-05,0.1995,0.1854,0.0140
2015-10-06,0.1971,0.1888,0.0084
2015-10-07,0.1964,0.1917,0.0047
2015-10-08,0.1929,0.1961,-0.0032
2015-10-09,0.1962,0.2003,-0.0040
2015-10-10,0.1945,0.2043,-0.0099
2015-10-11,0.1939,0.2078,-0.0140
2015-10-12,0.1946,0.2138,-0.0192
2015-10-13,0.1923,0.2191,-0.0268
2015-10-14,0.1938,0.2212,-0.0274
2015-10-15,0.1941,0.2213,-0.0271
2015-10-16,0.1952,0.2230,-0.0278
2015-10-17,0.2029,0.2239,-0.0210
2015-10-18,0.2055,0.2244,-0.0189
2015-10-19,0.2121,0.2264,-0.0143
2015-10-20,0.2149,0.2277,-0.0129
2015-10-21,0.2180,0.2306,-0.0126
2015-10-22,0.2210,0.2313,-0.0103
2015-10-23,0.2277,0.2316,-0.0039
2015-10-24,0.2327,0.2323,0.0003
2015-10-25,0.2339,0.2349,-0.0010
2015-10-26,0.2393,0.2363,0.0030
2015-10-27,0.2398,0.2368,0.0030
2015-10-28,0.2377,0.2370,0.0007
2015-10-29,0.2379,0.2365,0.0013
2015-10-30,0.2363,0.2381,-0.0018
2015-10-31,0.2381,0.2391,-0.0010
2015-11-01,0.2410,0.2398,0.0011
2015-11-02,0.2404,0.2424,-0.0019
2015-11-03,0.2428,0.2439,-0.0011
2015-11-04,0.2399,0.2450,-0.0051
2015-11-05,0.2392,0.2463,-0.0071
2015-11-06,0.2345,0.2474,-0.0129
2015-11-07,0.2385,0.2480,-0.0095
2015-11-08,0.2411,0.2501,-0.0090
2015-11-09,0.2406,0.2525,-0.0119
2015-11-10,0.2466,0.2538,-0.0072
2015-11-11,0.2457,0.2550,-0.0093
2015-11-12,0.2479,0.2556,-0.0077
2015-11-13,0.2474,0.2562,-0.0088
2015-11-14,0.2472,0.2548,-0.0076
2015-11-15,0.2498,0.2567,-0.0069
2015-11-16,0.2593,0.2590,0.0003
2015-11-17,0.2632,0.2606,0.0025
2015-11-18,0.2663,0.2620,0.0043
2015-11-19,0.2703,0.2630,0.0073
2015-11-20,0.2756,0.2642,0.0114
2015-11-21,0.2776,0.2650,0.0126
2015-11-22,0.2813,0.2649,0.0164
2015-11-23,0.2835,0.2657,0.0179
2015-11-24,0.2904,0.2673,0.0230
2015-11-25,0.2954,0.2684,0.0269
2015-11-26,0.2955,0.2689,0.0266
2015-11-27,0.2962,0.2698,0.0264
2015-11-28,0.2954,0.2691,0.0263
2015-11-29,0.2974,0.2696,0.0278
2015-11-30,0.2957,0.2689,0.0268
2015-12-01,0.2967,0.2701,0.0266
2015-12-02,0.3024,0.2719,0.0305
2015-12-03,0.3075,0.2719,0.0356
2015-12-04,0.3075,0.2734,0.0341
2015-12-05,0.3099,0.2730,0.0370
2015-12-06,0.3038,0.2730,0.0307
2015-12-07,0.3078,0.2750,0.0328
2015-12-08,0.3082,0.2754,0.0329
2015-12-09,0.3069,0.2761,0.0308
2015-12-10,0.3072,0.2767,0.0304
2015-12-11,0.3076,0.2790,0.0286
2015-12-12,0.3097,0.2807,0.0289
2015-12-13,0.3096,0.2809,0.0286
2015-12-14,0.3083,0.2824,0.0259
2015-12-15,0.3083,0.2832,0.0251
2015-12-16,0.3094,0.2838,0.0256
2015-12-17,0.3094,0.2834,0.0260
2015-12-18,0.3117,0.2867,0.0250
2015-12-19,0.3106,0.2870,0.0236
2015-12-20,0.3117,0.2890,0.0226
2015-12-21,0.3120,0.2899,0.0221
2015-12-22,0.3074,0.2921,0.0154
2015-12-23,0.3088,0.2949,0.0139
2015-12-24,0.3088,0.2972,0.0117
2015-12-25,0.3073,0.2980,0.0093
2015-12-26,0.3096,0.2991,0.0105
2015-12-27,0.3053,0.2981,0.0072
2015-12-28,0.3050,0.2985,0.0065
2015-12-29,0.3063,0.2977,0.0085
2015-12-30,0.3061,0.2971,0.0090
2015-12-31,0.2991,0.2952,0.0039
2016-01-01,0.2958,0.2944,0.0014
2016-01-02,0.2969,0.2939,0.0030
2016-01-03,0.2885,0.2912,-0.0027
2016-01-04,0.2885,0.2918,-0.0033
2016-01-05,0.2762,0.2912,-0.0149
2016-01-06,0.2762,0.2933,-0.0171
2016-01-07,0.2612,0.2886,-0.0274
2016-01-08,0.2565,0.2878,-0.0313
2016-01-09,0.2511,0.2858,-0.0347
2016-01-10,0.2461,0.2833,-0.0373
2016-01-11,0.2416,0.2813,-0.0398
2016-01-12,0.2349,0.2818,-0.0469
2016-01-13,0.2457,0.2845,-0.0388
2016-01-14,0.2419,0.2832,-0.0414
2016-01-15,0.2428,0.2829,-0.0401
2016-01-16,0.2445,0.2830,-0.0385
2016-01-17,0.2397,0.2816,-0.0419
2016-01-18,0.2337,0.2780,-0.0442
2016-01-19,0.2237,0.2758,-0.0521
2016-01-20,0.2232,0.2775,-0.0543
2016-01-21,0.2200,0.2770,-0.0570
2016-01-22,0.2126,0.2761,-0.0635
2016-01-23,0.2089,0.2746,-0.0657
2016-01-24,0.2267,0.2759,-0.0492
2016-01-25,0.2338,0.2752,-0.0414
2016-01-26,0.2477,0.2759,-0.0283
2016-01-27,0.2684,0.2811,-0.0127
2016-01-28,0.2742,0.2823,-0.0082
2016-01-29,0.2802,0.2828,-0.0026
2016-01-30,0.2881,0.2858,0.0023
2016-01-31,0.2975,0.2877,0.0098
2016-02-01,0.3027,0.2845,0.0182
2016-02-02,0.2967,0.2824,0.0143
2016-02-03,0.3004,0.2859,0.0145
2016-02-04,0.3016,0.2860,0.0156
2016-02-05,0.3047,0.2857,0.0190
2016-02-06,0.3083,0.2862,0.0221
2016-02-07,0.3205,0.2914,0.0291
2016-02-08,0.3332,0.2893,0.0439
2016-02-09,0.3334,0.2850,0.0483
2016-02-10,0.3460,0.2838,0.0622
2016-02-11,0.3442,0.2825,0.0617
2016-02-12,0.3587,0.2870,0.0717
2016-02-13,0.3519,0.2810,0.0709
2016-02-14,0.3517,0.2780,0.0737
2016-02-15,0.3465,0.2771,0.0694
2016-02-16,0.3407,0.2752,0.0656
2016-02-17,0.3325,0.2730,0.0595
2016-02-18,0.3308,0.2731,0.0577
2016-02-19,0.3292,0.2764,0.0528
2016-02-20,0.3260,0.2726,0.0534
2016-02-21,0.3227,0.2756,0.0471
2016-02-22,0.3266,0.2776,0.0490
2016-02-23,0.3250,0.2730,0.0520
2016-02-24,0.3232,0.2765,0.0468
2016-02-25,0.3214,0.2747,0.0467
2016-02-26,0.3189,0.2743,0.0446
2016-02-27,0.3155,0.2743,0.0411
2016-02-28,0.3123,0.2768,0.0355
2016-02-29,0.3104,0.2778,0.0325
2016-03-01,0.3059,0.2789,0.0270
2016-03-02,0.3045,0.2800,0.0245
2016-03-03,0.3009,0.2795,0.0214
2016-03-04,0.3008,0.2791,0.0218
2016-03-05,0.2968,0.2821,0.0147
2016-03-06,0.3000,0.2874,0.0126
2016-03-07,0.2986,0.2884,0.0102
2016-03-08,0.3040,0.2923,0.0116
2016-03-09,0.3037,0.2913,0.0124
2016-03-10,0.3032,0.2915,0.0117
2016-03-11,0.3020,0.2898,0.0122
2016-03-12,0.3005,0.2909,0.0096
2016-03-13,0.2945,0.2919,0.0026
2016-03-14,0.2907,0.2893,0.0014
2016-03-15,0.2892,0.2906,-0.0014
2016-03-16,0.2883,0.2898,-0.0015
2016-03-17,0.2861,0.2895,-0.0035
2016-03-18,0.2871,0.2888,-0.0017
2016-03-19,0.2863,0.2900,-0.0037
2016-03-20,0.2861,0.2886,-0.0025
2016-03-21,0.2890,0.2900,-0.0010
2016-03-22,0.2873,0.2899,-0.0026
2016-03-23,0.2831,0.2891,-0.0060
2016-03-24,0.2817,0.2899,-0.0083
2016-03-25,0.2804,0.2905,-0.0101
2016-03-26,0.2756,0.2884,-0.0128
2016-03-27,0.2726,0.2869,-0.0143
2016-03-28,0.2725,0.2860,-0.0135
2016-03-29,0.2701,0.2854,-0.0153
2016-03-30,0.2717,0.2841,-0.0124
2016-03-31,0.2700,0.2826,-0.0127
2016-04-01,0.2689,0.2799,-0.0110
2016-04-02,0.2687,0.2777,-0.0091
2016-04-03,0.2706,0.2801,-0.0094
2016-04-04,0.2669,0.2775,-0.0105
2016-04-05,0.2659,0.2756,-0.0097
2016-04-06,0.2665,0.2752,-0.0087
2016-04-07,0.2664,0.2745,-0.0081
2016-04-08,0.2654,0.2729,-0.0075
2016-04-09,0.2639,0.2721,-0.0083
2016-04-10,0.2649,0.2703,-0.0055
2016-04-11,0.2647,0.2677,-0.0030
2016-04-12,0.2662,0.2666,-0.0004
2016-04-13,0.2651,0.2648,0.0003
2016-04-14,0.2651,0.2630,0.0021
2016-04-15,0.2642,0.2618,0.0024
2016-04-16,0.2638,0.2600,0.0038
2016-04-17,0.2631,0.2582,0.0049
2016-04-18,0.2601,0.2535,0.0065
2016-04-19,0.2573,0.2501,0.0072
2016-04-20,0.2544,0.2485,0.0059
2016-04-21,0.2513,0.2446,0.0067
2016-04-22,0.2500,0.2406,0.0093
2016-04-23,0.2476,0.2364,0.0112
2016-04-24,0.2421,0.2332,0.0089
2016-04-25,0.2410,0.2300,0.0111
2016-04-26,0.2429,0.2264,0.0165
2016-04-27,0.2408,0.2248,0.0160
2016-04-28,0.2407,0.2224,0.0183
2016-04-29,0.2415,0.2219,0.0196
2016-04-30,0.2383,0.2200,0.0183
2016-05-01,0.2383,0.2195,0.0189
2016-05-02,0.2362,0.2191,0.0171
2016-05-03,0.2344,0.2163,0.0181
2016-05-04,0.2324,0.2149,0.0175
2016-05-05,0.2300,0.2142,0.0159
2016-05-06,0.2270,0.2119,0.0150
2016-05-07,0.2239,0.2110,0.0128
2016-05-08,0.2236,0.2092,0.0143
2016-05-09,0.2188,0.2080,0.0108
2016-05-10,0.2108,0.2066,0.0042
2016-05-11,0.2102,0.2069,0.0033
2016-05-12,0.2043,0.2060,-0.0017
2016-05-13,0.2026,0.2059,-0.0033
2016-05-14,0.1977,0.2058,-0.0080
2016-05-15,0.1950,0.2034,-0.0084
2016-05-16,0.1882,0.2019,-0.0137
2016-05-17,0.1863,0.2005,-0.0142
2016-05-18,0.1766,0.1989,-0.0223
2016-05-19,0.1691,0.1972,-0.0281
2016-05-20,0.1675,0.1936,-0.0261
2016-05-21,0.1675,0.1901,-0.0226
2016-05-22,0.1655,0.1883,-0.0228
2016-05-23,0.1704,0.1876,-0.0172
2016-05-24,0.1667,0.1840,-0.0174
2016-05-25,0.1718,0.1828,-0.0110
2016-05-26,0.1731,0.1812,-0.0081
2016-05-27,0.1714,0.1801,-0.0086
2016-05-28,0.1723,0.1795,-0.0072
2016-05-29,0.1724,0.1780,-0.0056
2016-05-30,0.1732,0.1764,-0.0032
2016-05-31,0.1754,0.1753,0.0001
2016-06-01,0.1779,0.1740,0.0039
2016-06-02,0.1808,0.1716,0.0092
2016-06-03,0.1848,0.1709,0.0139
2016-06-04,0.1862,0.1706,0.0156
2016-06-05,0.1840,0.1698,0.0143
2016-06-06,0.1854,0.1691,0.0164
2016-06-07,0.1840,0.1664,0.0176
2016-06-08,0.1806,0.1662,0.0143
2016-06-09,0.1830,0.1650,0.0180
2016-06-10,0.1766,0.1642,0.0124
2016-06-11,0.1738,0.1639,0.0099
2016-06-12,0.1692,0.1626,0.0066
2016-06-13,0.1684,0.1622,0.0063
2016-06-14,0.1631,0.1617,0.0014
2016-06-15,0.1582,0.1612,-0.0030
2016-06-16,0.1612,0.1607,0.0006
2016-06-17,0.1593,0.1599,-0.0005
2016-06-18,0.1606,0.1598,0.0008
2016-06-19,0.1615,0.1596,0.0018
2016-06-20,0.1578,0.1594,-0.0016
2016-06-21,0.1618,0.1604,0.0014
2016-06-22,0.1569,0.1625,-0.0056
2016-06-23,0.1530,0.1633,-0.0103
2016-06-24,0.1546,0.1656,-0.0110
2016-06-25,0.1543,0.1660,-0.0117
2016-06-26,0.1591,0.1671,-0.0080
2016-06-27,0.1630,0.1673,-0.0044
2016-06-28,0.1651,0.1667,-0.0016
2016-06-29,0.1715,0.1677,0.0038
2016-06-30,0.1779,0.1692,0.0088
2016-07-01,0.1871,0.1704,0.0166
2016-07-02,0.1882,0.1704,0.0178
2016-07-03,0.1908,0.1706,0.0202
2016-07-04,0.1898,0.1703,0.0195
2016-07-05,0.1893,0.1711,0.0182
2016-07-06,0.1889,0.1704,0.0185
2016-07-07,0.1903,0.1712,0.0191
2016-07-08,0.1916,0.1721,0.0195
2016-07-09,0.1943,0.1734,0.0209
2016-07-10,0.1958,0.1746,0.0213
2016-07-11,0.1950,0.1754,0.0196
2016-07-12,0.1932,0.1749,0.0183
2016-07-13,0.1954,0.1779,0.0174
2016-07-14,0.1973,0.1772,0.0201
2016-07-15,0.1985,0.1785,0.0200
2016-07-16,0.1975,0.1797,0.0178
2016-07-17,0.1967,0.1809,0.0158
2016-07-18,0.1984,0.1815,0.0169
2016-07-19,0.1948,0.1830,0.0118
2016-07-20,0.1933,0.1828,0.0105
2016-07-21,0.1917,0.1818,0.0098
2016-07-22,0.1910,0.1830,0.0080
2016-07-23,0.1887,0.1829,0.0058
2016-07-24,0.1896,0.1819,0.0076
2016-07-25,0.1865,0.1815,0.0050
2016-07-26,0.1861,0.1819,0.0042
2016-07-27,0.1844,0.1781,0.0063
2016-07-28,0.1860,0.1794,0.0065
2016-07-29,0.1864,0.1788,0.0076
2016-07-30,0.1840,0.1810,0.0031
2016-07-31,0.1829,0.1794,0.0035
2016-08-01,0.1838,0.1824,0.0015
2016-08-02,0.1837,0.1805,0.0032
2016-08-03,0.1840,0.1832,0.0009
2016-08-04,0.1816,0.1820,-0.0004
2016-08-05,0.1843,0.1817,0.0026
2016-08-06,0.1873,0.1804,0.0068
2016-08-07,0.1847,0.1792,0.0054
2016-08-08,0.1863,0.1783,0.0080
2016-08-09,0.1873,0.1773,0.0100
2016-08-10,0.1857,0.1772,0.0085
2016-08-11,0.1837,0.1779,0.0058
2016-08-12,0.1856,0.1789,0.0067
2016-08-13,0.1851,0.1790,0.0061
2016-08-14,0.1880,0.1789,0.0091
2016-08-15,0.1885,0.1779,0.0106
2016-08-16,0.1858,0.1783,0.0075
2016-08-17,0.1841,0.1777,0.0064
2016-08-18,0.1769,0.1755,0.0015
2016-08-19,0.1743,0.1744,-0.0001
2016-08-20,0.1747,0.1735,0.0012
2016-08-21,0.1701,0.1710,-0.0009
2016-08-22,0.1694,0.1701,-0.0007
2016-08-23,0.1678,0.1680,-0.0002
2016-08-24,0.1683,0.1667,0.0016
2016-08-25,0.1643,0.1664,-0.0022
2016-08-26,0.1586,0.1662,-0.0076
2016-08-27,0.1561,0.1673,-0.0111
2016-08-28,0.1520,0.1694,-0.0174
2016-08-29,0.1586,0.1719,-0.0133
2016-08-30,0.1605,0.1751,-0.0146
2016-08-31,0.1605,0.1741,-0.0136
2016-09-01,0.1597,0.1745,-0.0148
2016-09-02,0.1580,0.1742,-0.0162
2016-09-03,0.1531,0.1740,-0.0209
2016-09-04,0.1597,0.1753,-0.0155
2016-09-05,0.1603,0.1762,-0.0159
2016-09-06,0.1603,0.1766,-0.0163
2016-09-07,0.1645,0.1795,-0.0149
2016-09-08,0.1665,0.1794,-0.0129
2016-09-09,0.1652,0.1796,-0.0145
2016-09-10,0.1698,0.1814,-0.0116
2016-09-11,0.1679,0.1828,-0.0149
2016-09-12,0.1635,0.1834,-0.0199
2016-09-13,0.1626,0.1865,-0.0239
2016-09-14,0.1585,0.1868,-0.0283
2016-09-15,0.1557,0.1861,-0.0304
2016-09-16,0.1584,0.1866,-0.0282
2016-09-17,0.1564,0.1840,-0.0276
2016-09-18,0.1489,0.1824,-0.0335
2016-09-19,0.1387,0.1786,-0.0399
2016-09-20,0.1367,0.1771,-0.0404
2016-09-21,0.1355,0.1759,-0.0404
2016-09-22,0.1312,0.1751,-0.0440
2016-09-23,0.1296,0.1746,-0.0450
2016-09-24,0.1197,0.1731,-0.0534
2016-09-25,0.1198,0.1771,-0.0573
2016-09-26,0.1198,0.1779,-0.0581
2016-09-27,0.1146,0.1753,-0.0607
2016-09-28,0.1146,0.1782,-0.0636
2016-09-29,0.1111,0.1772,-0.0661
2016-09-30,0.1139,0.1785,-0.0646
2016-10-01,0.1123,0.1794,-0.0671
2016-10-02,0.1120,0.1789,-0.0669
2016-10-03,0.1227,0.1816,-0.0589
2016-10-04,0.1236,0.1839,-0.0603
2016-10-05,0.1298,0.1854,-0.0557
2016-10-06,0.1377,0.1888,-0.0510
2016-10-07,0.1381,0.1917,-0.0536
2016-10-08,0.1462,0.1961,-0.0500
2016-10-09,0.1617,0.2003,-0.0386
2016-10-10,0.1664,0.2043,-0.0380
2016-10-11,0.1741,0.2078,-0.0338
2016-10-12,0.1832,0.2138,-0.0306
2016-10-13,0.1952,0.2191,-0.0240
2016-10-14,0.1984,0.2212,-0.0229
2016-10-15,0.2060,0.2213,-0.0153
2016-10-16,0.2090,0.2230,-0.0140
2016-10-17,0.2092,0.2239,-0.0147
2016-10-18,0.2092,0.2244,-0.0152
2016-10-19,0.2151,0.2264,-0.0113
2016-10-20,0.2212,0.2277,-0.0065
2016-10-21,0.2304,0.2306,-0.0002
2016-10-22,0.2303,0.2313,-0.0010
2016-10-23,0.2303,0.2316,-0.0013
2016-10-24,0.2318,0.2323,-0.0005
2016-10-25,0.2373,0.2349,0.0025
2016-10-26,0.2390,0.2363,0.0027
2016-10-27,0.2388,0.2368,0.0021
2016-10-28,0.2398,0.2370,0.0028
2016-10-29,0.2371,0.2365,0.0006
2016-10-30,0.2368,0.2381,-0.0014
2016-10-31,0.2356,0.2391,-0.0036
2016-11-01,0.2366,0.2398,-0.0032
2016-11-02,0.2370,0.2424,-0.0054
2016-11-03,0.2376,0.2439,-0.0064
2016-11-04,0.2393,0.2450,-0.0057
2016-11-05,0.2394,0.2463,-0.0069
2016-11-06,0.2418,0.2474,-0.0056
2016-11-07,0.2423,0.2480,-0.0056
2016-11-08,0.2387,0.2501,-0.0113
2016-11-09,0.2426,0.2525,-0.0099
2016-11-10,0.2425,0.2538,-0.0113
2016-11-11,0.2437,0.2550,-0.0114
2016-11-12,0.2373,0.2556,-0.0183
2016-11-13,0.2363,0.2562,-0.0199
2016-11-14,0.2271,0.2548,-0.0277
2016-11-15,0.2337,0.2567,-0.0230
2016-11-16,0.2334,0.2590,-0.0256
2016-11-17,0.2384,0.2606,-0.0222
2016-11-18,0.2469,0.2620,-0.0151
2016-11-19,0.2480,0.2630,-0.0149
2016-11-20,0.2503,0.2642,-0.0139
2016-11-21,0.2504,0.2650,-0.0146
2016-11-22,0.2540,0.2649,-0.0109
2016-11-23,0.2559,0.2657,-0.0098
2016-11-24,0.2555,0.2673,-0.0118
2016-11-25,0.2560,0.2684,-0.0125
2016-11-26,0.2579,0.2689,-0.0110
2016-11-27,0.2586,0.2698,-0.0112
2016-11-28,0.2559,0.2691,-0.0131
2016-11-29,0.2532,0.2696,-0.0164
2016-11-30,0.2497,0.2689,-0.0191
2016-12-01,0.2535,0.2701,-0.0166
2016-12-02,0.2612,0.2719,-0.0107
2016-12-03,0.2576,0.2719,-0.0143
2016-12-04,0.2628,0.2734,-0.0106
2016-12-05,0.2586,0.2730,-0.0143
2016-12-06,0.2579,0.2730,-0.0151
2016-12-07,0.2546,0.2750,-0.0205
2016-12-08,0.2502,0.2754,-0.0251
2016-12-09,0.2542,0.2761,-0.0219
2016-12-10,0.2523,0.2767,-0.0244
2016-12-11,0.2589,0.2790,-0.0201
2016-12-12,0.2610,0.2807,-0.0197
2016-12-13,0.2595,0.2809,-0.0214
2016-12-14,0.2626,0.2824,-0.0197
2016-12-15,0.2628,0.2832,-0.0205
2016-12-16,0.2626,0.2838,-0.0213
2016-12-17,0.2623,0.2834,-0.0211
2016-12-18,0.2658,0.2867,-0.0209
2016-12-19,0.2671,0.2870,-0.0199
2016-12-20,0.2740,0.2890,-0.0151
2016-12-21,0.2717,0.2899,-0.0182
2016-12-22,0.2742,0.2921,-0.0178
2016-12-23,0.2797,0.2949,-0.0152
2016-12-24,0.2880,0.2972,-0.0092
2016-12-25,0.2885,0.2980,-0.0095
2016-12-26,0.2921,0.2991,-0.0071
2016-12-27,0.2920,0.2981,-0.0061
2016-12-28,0.2952,0.2985,-0.0032
2016-12-29,0.2946,0.2977,-0.0031
2016-12-30,0.2897,0.2971,-0.0075
2016-12-31,0.2853,0.2952,-0.0099
2017-01-01,0.2833,0.2944,-0.0110
2017-01-02,0.2834,0.2939,-0.0106
2017-01-03,0.2818,0.2912,-0.0094
2017-01-04,0.2821,0.2918,-0.0097
2017-01-05,0.2809,0.2912,-0.0102
2017-01-06,0.2827,0.2933,-0.0106
2017-01-07,0.2701,0.2886,-0.0185
2017-01-08,0.2692,0.2878,-0.0186
2017-01-09,0.2624,0.2858,-0.0234
2017-01-10,0.2546,0.2833,-0.0287
2017-01-11,0.2507,0.2813,-0.0306
2017-01-12,0.2539,0.2818,-0.0279
2017-01-13,0.2548,0.2845,-0.0297
2017-01-14,0.2515,0.2832,-0.0317
2017-01-15,0.2544,0.2829,-0.0285
2017-01-16,0.2514,0.2830,-0.0317
2017-01-17,0.2457,0.2816,-0.0359
2017-01-18,0.2347,0.2780,-0.0432
2017-01-19,0.2347,0.2758,-0.0411
2017-01-20,0.2362,0.2775,-0.0413
2017-01-21,0.2400,0.2770,-0.0369
2017-01-22,0.2361,0.2761,-0.0400
2017-01-23,0.2352,0.2746,-0.0394
2017-01-24,0.2307,0.2759,-0.0452
2017-01-25,0.2285,0.2752,-0.0467
2017-01-26,0.2331,0.2759,-0.0429
2017-01-27,0.2433,0.2811,-0.0378
2017-01-28,0.2366,0.2823,-0.0457
2017-01-29,0.2335,0.2828,-0.0493
2017-01-30,0.2401,0.2858,-0.0457
2017-01-31,0.2606,0.2877,-0.0271
2017-02-01,0.2578,0.2845,-0.0268
2017-02-02,0.2609,0.2824,-0.0215
2017-02-03,0.2698,0.2859,-0.0161
2017-02-04,0.2680,0.2860,-0.0180
2017-02-05,0.2723,0.2857,-0.0134
2017-02-06,0.2754,0.2862,-0.0108
2017-02-07,0.2888,0.2914,-0.0026
2017-02-08,0.2831,0.2893,-0.0063
2017-02-09,0.2856,0.2850,0.0006
2017-02-10,0.2712,0.2838,-0.0127
2017-02-11,0.2631,0.2825,-0.0194
2017-02-12,0.2662,0.2870,-0.0207
2017-02-13,0.2588,0.2810,-0.0222
2017-02-14,0.2530,0.2780,-0.0251
2017-02-15,0.2505,0.2771,-0.0267
2017-02-16,0.2465,0.2752,-0.0287
2017-02-17,0.2535,0.2730,-0.0195
2017-02-18,0.2675,0.2731,-0.0056
2017-02-19,0.2709,0.2764,-0.0055
2017-02-20,0.2529,0.2726,-0.0196
2017-02-21,0.2556,0.2756,-0.0200
2017-02-22,0.2493,0.2776,-0.0283
2017-02-23,0.2385,0.2730,-0.0345
2017-02-24,0.2465,0.2765,-0.0299
2017-02-25,0.2399,0.2747,-0.0348
2017-02-26,0.2396,0.2743,-0.0347
2017-02-27,0.2430,0.2743,-0.0313
2017-02-28,0.2457,0.2768,-0.0311
2017-03-01,0.2486,0.2789,-0.0303
2017-03-02,0.2609,0.2800,-0.0191
2017-03-03,0.2696,0.2795,-0.0099
2017-03-04,0.2735,0.2791,-0.0056
2017-03-05,0.2829,0.2821,0.0008
2017-03-06,0.2946,0.2874,0.0072
2017-03-07,0.2946,0.2884,0.0061
2017-03-08,0.3033,0.2923,0.0110
2017-03-09,0.3029,0.2913,0.0116
2017-03-10,0.3019,0.2915,0.0104
2017-03-11,0.3010,0.2898,0.0111
2017-03-12,0.2979,0.2909,0.0070
2017-03-13,0.2988,0.2919,0.0069
2017-03-14,0.2973,0.2893,0.0080
2017-03-15,0.2970,0.2906,0.0064
2017-03-16,0.2938,0.2898,0.0039
2017-03-17,0.2916,0.2895,0.0020
2017-03-18,0.2912,0.2888,0.0025
2017-03-19,0.2921,0.2900,0.0021
2017-03-20,0.2930,0.2886,0.0044
2017-03-21,0.2940,0.2900,0.0039
2017-03-22,0.2927,0.2899,0.0028
2017-03-23,0.2921,0.2891,0.0030
2017-03-24,0.2901,0.2899,0.0001
2017-03-25,0.2896,0.2905,-0.0009
2017-03-26,0.2882,0.2884,-0.0002
2017-03-27,0.2878,0.2869,0.0009
2017-03-28,0.2860,0.2860,0.0000
2017-03-29,0.2850,0.2854,-0.0004
2017-03-30,0.2833,0.2841,-0.0008
2017-03-31,0.2818,0.2826,-0.0008
2017-04-01,0.2833,0.2799,0.0034
2017-04-02,0.2833,0.2777,0.0055
2017-04-03,0.2840,0.2801,0.0039
2017-04-04,0.2832,0.2775,0.0058
2017-04-05,0.2806,0.2756,0.0050
2017-04-06,0.2819,0.2752,0.0067
2017-04-07,0.2782,0.2745,0.0036
2017-04-08,0.2759,0.2729,0.0030
2017-04-09,0.2736,0.2721,0.0014
2017-04-10,0.2714,0.2703,0.0010
2017-04-11,0.2670,0.2677,-0.0007
2017-04-12,0.2655,0.2666,-0.0011
2017-04-13,0.2659,0.2648,0.0011
2017-04-14,0.2644,0.2630,0.0014
2017-04-15,0.2657,0.2618,0.0038
2017-04-16,0.2648,0.2600,0.0048
2017-04-17,0.2648,0.2582,0.0067
2017-04-18,0.2638,0.2535,0.0103
2017-04-19,0.2590,0.2501,0.0089
2017-04-20,0.2586,0.2485,0.0100
2017-04-21,0.2586,0.2446,0.0140
2017-04-22,0.2566,0.2406,0.0159
2017-04-23,0.2523,0.2364,0.0159
2017-04-24,0.2510,0.2332,0.0178
2017-04-25,0.2511,0.2300,0.0212
2017-04-26,0.2509,0.2264,0.0245
2017-04-27,0.2487,0.2248,0.0239
2017-04-28,0.2487,0.2224,0.0263
2017-04-29,0.2469,0.2219,0.0249
2017-04-30,0.2470,0.2200,0.0270
2017-05-01,0.2477,0.2195,0.0282
2017-05-02,0.2460,0.2191,0.0270
2017-05-03,0.2440,0.2163,0.0277
2017-05-04,0.2440,0.2149,0.0291
2017-05-05,0.2419,0.2142,0.0278
2017-05-06,0.2408,0.2119,0.0289
2017-05-07,0.2406,0.2110,0.0296
2017-05-08,0.2397,0.2092,0.0305
2017-05-09,0.2392,0.2080,0.0312
2017-05-10,0.2369,0.2066,0.0303
2017-05-11,0.2351,0.2069,0.0282
2017-05-12,0.2352,0.2060,0.0291
2017-05-13,0.2321,0.2059,0.0262
2017-05-14,0.2318,0.2058,0.0261
2017-05-15,0.2290,0.2034,0.0256
2017-05-16,0.2274,0.2019,0.0255
2017-05-17,0.2265,0.2005,0.0260
2017-05-18,0.2247,0.1989,0.0258
2017-05-19,0.2246,0.1972,0.0274
2017-05-20,0.2254,0.1936,0.0318
2017-05-21,0.2207,0.1901,0.0306
2017-05-22,0.2202,0.1883,0.0319
2017-05-23,0.2162,0.1876,0.0286
2017-05-24,0.2139,0.1840,0.0298
2017-05-25,0.2072,0.1828,0.0244
2017-05-26,0.2050,0.1812,0.0238
2017-05-27,0.2022,0.1801,0.0222
2017-05-28,0.1986,0.1795,0.0191
2017-05-29,0.1934,0.1780,0.0154
2017-05-30,0.1921,0.1764,0.0157
2017-05-31,0.1933,0.1753,0.0181
2017-06-01,0.1898,0.1740,0.0158
2017-06-02,0.1843,0.1716,0.0126
2017-06-03,0.1809,0.1709,0.0101
2017-06-04,0.1797,0.1706,0.0091
2017-06-05,0.1789,0.1698,0.0092
2017-06-06,0.1739,0.1691,0.0048
2017-06-07,0.1714,0.1664,0.0050
2017-06-08,0.1729,0.1662,0.0067
2017-06-09,0.1678,0.1650,0.0028
2017-06-10,0.1681,0.1642,0.0039
2017-06-11,0.1692,0.1639,0.0053
2017-06-12,0.1693,0.1626,0.0067
2017-06-13,0.1698,0.1622,0.0076
2017-06-14,0.1684,0.1617,0.0067
2017-06-15,0.1676,0.1612,0.0063
2017-06-16,0.1693,0.1607,0.0087
2017-06-17,0.1705,0.1599,0.0106
2017-06-18,0.1711,0.1598,0.0113
2017-06-19,0.1699,0.1596,0.0103
2017-06-20,0.1667,0.1594,0.0073
2017-06-21,0.1629,0.1604,0.0024
2017-06-22,0.1624,0.1625,-0.0001
2017-06-23,0.1642,0.1633,0.0008
2017-06-24,0.1672,0.1656,0.0016
2017-06-25,0.1670,0.1660,0.0010
2017-06-26,0.1707,0.1671,0.0036
2017-06-27,0.1699,0.1673,0.0026
2017-06-28,0.1682,0.1667,0.0015
2017-06-29,0.1682,0.1677,0.0005
2017-06-30,0.1742,0.1692,0.0050
2017-07-01,0.1735,0.1704,0.0031
2017-07-02,0.1768,0.1704,0.0064
2017-07-03,0.1768,0.1706,0.0062
2017-07-04,0.1791,0.1703,0.0088
2017-07-05,0.1829,0.1711,0.0118
2017-07-06,0.1823,0.1704,0.0119
2017-07-07,0.1843,0.1712,0.0132
2017-07-08,0.1875,0.1721,0.0154
2017-07-09,0.1901,0.1734,0.0168
2017-07-10,0.1892,0.1746,0.0146
2017-07-11,0.1952,0.1754,0.0198
2017-07-12,0.2013,0.1749,0.0264
2017-07-13,0.2030,0.1779,0.0250
2017-07-14,0.2029,0.1772,0.0257
2017-07-15,0.2027,0.1785,0.0242
2017-07-16,0.2014,0.1797,0.0216
2017-07-17,0.2048,0.1809,0.0239
2017-07-18,0.2028,0.1815,0.0213
2017-07-19,0.2056,0.1830,0.0227
2017-07-20,0.2014,0.1828,0.0187
2017-07-21,0.2015,0.1818,0.0196
2017-07-22,0.2003,0.1830,0.0173
2017-07-23,0.2023,0.1829,0.0194
2017-07-24,0.2031,0.1819,0.0211
2017-07-25,0.2010,0.1815,0.0194
2017-07-26,0.2059,0.1819,0.0240
2017-07-27,0.2057,0.1781,0.0276
2017-07-28,0.2090,0.1794,0.0295
2017-07-29,0.2108,0.1788,0.0320
2017-07-30,0.2136,0.1810,0.0326
2017-07-31,0.2147,0.1794,0.0353
2017-08-01,0.2175,0.1824,0.0351
2017-08-02,0.2171,0.1805,0.0366
2017-08-03,0.2201,0.1832,0.0369
2017-08-04,0.2217,0.1820,0.0397
2017-08-05,0.2255,0.1817,0.0438
2017-08-06,0.2232,0.1804,0.0428
2017-08-07,0.2269,0.1792,0.0476
2017-08-08,0.2256,0.1783,0.0473
2017-08-09,0.2276,0.1773,0.0504
2017-08-10,0.2298,0.1772,0.0526
2017-08-11,0.2311,0.1779,0.0532
2017-08-12,0.2315,0.1789,0.0526
2017-08-13,0.2321,0.1790,0.0531
2017-08-14,0.2310,0.1789,0.0521
2017-08-15,0.2281,0.1779,0.0502
2017-08-16,0.2288,0.1783,0.0506
2017-08-17,0.2271,0.1777,0.0493
2017-08-18,0.2266,0.1755,0.0511
2017-08-19,0.2275,0.1744,0.0531
2017-08-20,0.2274,0.1735,0.0539
2017-08-21,0.2248,0.1710,0.0538
2017-08-22,0.2251,0.1701,0.0550
2017-08-23,0.2225,0.1680,0.0545
2017-08-24,0.2218,0.1667,0.0551
2017-08-25,0.2215,0.1664,0.0551
2017-08-26,0.2237,0.1662,0.0574
2017-08-27,0.2236,0.1673,0.0563
2017-08-28,0.2247,0.1694,0.0553
2017-08-29,0.2204,0.1719,0.0485
2017-08-30,0.2193,0.1751,0.0442
2017-08-31,0.2170,0.1741,0.0429
2017-09-01,0.2132,0.1745,0.0387
2017-09-02,0.2095,0.1742,0.0353
2017-09-03,0.2088,0.1740,0.0348
2017-09-04,0.2056,0.1753,0.0303
2017-09-05,0.2029,0.1762,0.0268
2017-09-06,0.2014,0.1766,0.0248
2017-09-07,0.2037,0.1795,0.0242
2017-09-08,0.2008,0.1794,0.0214
2017-09-09,0.2037,0.1796,0.0240
2017-09-10,0.2043,0.1814,0.0230
2017-09-11,0.2024,0.1828,0.0196
2017-09-12,0.2044,0.1834,0.0210
2017-09-13,0.2036,0.1865,0.0171
2017-09-14,0.2050,0.1868,0.0181
2017-09-15,0.2069,0.1861,0.0208
2017-09-16,0.2056,0.1866,0.0190
2017-09-17,0.2066,0.1840,0.0226
2017-09-18,0.2117,0.1824,0.0293
2017-09-19,0.2122,0.1786,0.0335
2017-09-20,0.2121,0.1771,0.0350
2017-09-21,0.2158,0.1759,0.0398
2017-09-22,0.2174,0.1751,0.0423
2017-09-23,0.2149,0.1746,0.0404
2017-09-24,0.2189,0.1731,0.0458
2017-09-25,0.2202,0.1771,0.0431
2017-09-26,0.2218,0.1779,0.0439
2017-09-27,0.2210,0.1753,0.0456
2017-09-28,0.2210,0.1782,0.0428
2017-09-29,0.2194,0.1772,0.0422
2017-09-30,0.2184,0.1785,0.0399
2017-10-01,0.2201,0.1794,0.0406
2017-10-02,0.2193,0.1789,0.0404
2017-10-03,0.2210,0.1816,0.0393
2017-10-04,0.2214,0.1839,0.0375
2017-10-05,0.2206,0.1854,0.0352
2017-10-06,0.2248,0.1888,0.0361
2017-10-07,0.2254,0.1917,0.0337
2017-10-08,0.2318,0.1961,0.0356
2017-10-09,0.2340,0.2003,0.0338
2017-10-10,0.2361,0.2043,0.0318
2017-10-11,0.2417,0.2078,0.0339
2017-10-12,0.2494,0.2138,0.0356
2017-10-13,0.2552,0.2191,0.0361
2017-10-14,0.2567,0.2212,0.0355
2017-10-15,0.2585,0.2213,0.0372
2017-10-16,0.2601,0.2230,0.0371
2017-10-17,0.2594,0.2239,0.0355
2017-10-18,0.2594,0.2244,0.0350
2017-10-19,0.2604,0.2264,0.0339
2017-10-20,0.2630,0.2277,0.0353
2017-10-21,0.2650,0.2306,0.0345
2017-10-22,0.2660,0.2313,0.0347
2017-10-23,0.2682,0.2316,0.0366
2017-10-24,0.2697,0.2323,0.0374
2017-10-25,0.2719,0.2349,0.0370
2017-10-26,0.2719,0.2363,0.0357
2017-10-27,0.2727,0.2368,0.0360
2017-10-28,0.2703,0.2370,0.0333
2017-10-29,0.2713,0.2365,0.0348
2017-10-30,0.2742,0.2381,0.0361
2017-10-31,0.2718,0.2391,0.0327
2017-11-01,0.2749,0.2398,0.0350
2017-11-02,0.2787,0.2424,0.0363
2017-11-03,0.2792,0.2439,0.0352
2017-11-04,0.2820,0.2450,0.0369
2017-11-05,0.2862,0.2463,0.0399
2017-11-06,0.2891,0.2474,0.0417
2017-11-07,0.2891,0.2480,0.0411
2017-11-08,0.2905,0.2501,0.0404
2017-11-09,0.2951,0.2525,0.0426
2017-11-10,0.2966,0.2538,0.0428
2017-11-11,0.2982,0.2550,0.0432
2017-11-12,0.3008,0.2556,0.0452
2017-11-13,0.3034,0.2562,0.0473
2017-11-14,0.3039,0.2548,0.0490
2017-11-15,0.3046,0.2567,0.0479
2017-11-16,0.3065,0.2590,0.0475
2017-11-17,0.3069,0.2606,0.0463
2017-11-18,0.3063,0.2620,0.0443
2017-11-19,0.3061,0.2630,0.0431
2017-11-20,0.3061,0.2642,0.0419
2017-11-21,0.3064,0.2650,0.0414
2017-11-22,0.3049,0.2649,0.0401
2017-11-23,0.3057,0.2657,0.0400
2017-11-24,0.3049,0.2673,0.0375
2017-11-25,0.3060,0.2684,0.0376
2017-11-26,0.3060,0.2689,0.0371
2017-11-27,0.3075,0.2698,0.0378
2017-11-28,0.3078,0.2691,0.0387
2017-11-29,0.3110,0.2696,0.0414
2017-11-30,0.3107,0.2689,0.0418
2017-12-01,0.3112,0.2701,0.0410
2017-12-02,0.3092,0.2719,0.0374
2017-12-03,0.3113,0.2719,0.0395
2017-12-04,0.3118,0.2734,0.0384
2017-12-05,0.3116,0.2730,0.0386
2017-12-06,0.3151,0.2730,0.0420
2017-12-07,0.3176,0.2750,0.0426
2017-12-08,0.3193,0.2754,0.0440
2017-12-09,0.3181,0.2761,0.0420
2017-12-10,0.3192,0.2767,0.0425
2017-12-11,0.3251,0.2790,0.0460
2017-12-12,0.3280,0.2807,0.0473
2017-12-13,0.3293,0.2809,0.0483
2017-12-14,0.3334,0.2824,0.0510
2017-12-15,0.3349,0.2832,0.0517
2017-12-16,0.3349,0.2838,0.0511
2017-12-17,0.3323,0.2834,0.0490
2017-12-18,0.3342,0.2867,0.0475
2017-12-19,0.3306,0.2870,0.0437
2017-12-20,0.3323,0.2890,0.0433
2017-12-21,0.3336,0.2899,0.0437
2017-12-22,0.3334,0.2921,0.0414
2017-12-23,0.3323,0.2949,0.0374
2017-12-24,0.3336,0.2972,0.0364
2017-12-25,0.3338,0.2980,0.0357
2017-12-26,0.3321,0.2991,0.0330
2017-12-27,0.3295,0.2981,0.0314
2017-12-28,0.3266,0.2985,0.0281
2017-12-29,0.3284,0.2977,0.0307
2017-12-30,0.3256,0.2971,0.0285
2017-12-31,0.3208,0.2952,0.0256
2018-01-01,0.3175,0.2944,0.0231
2018-01-02,0.3181,0.2939,0.0242
2018-01-03,0.3131,0.2912,0.0218
2018-01-04,0.3140,0.2918,0.0222
2018-01-05,0.3174,0.2912,0.0262
2018-01-06,0.3187,0.2933,0.0254
2018-01-07,0.3203,0.2886,0.0316
2018-01-08,0.3161,0.2878,0.0283
2018-01-09,0.3131,0.2858,0.0273
2018-01-10,0.3099,0.2833,0.0265
2018-01-11,0.3081,0.2813,0.0267
2018-01-12,0.3154,0.2818,0.0336
2018-01-13,0.3193,0.2845,0.0348
2018-01-14,0.3179,0.2832,0.0347
2018-01-15,0.3125,0.2829,0.0295
2018-01-16,0.3210,0.2830,0.0380
2018-01-17,0.3235,0.2816,0.0419
2018-01-18,0.3257,0.2780,0.0477
2018-01-19,0.3284,0.2758,0.0527
2018-01-20,0.3349,0.2775,0.0574
2018-01-21,0.3365,0.2770,0.0596
2018-01-22,0.3375,0.2761,0.0614
2018-01-23,0.3377,0.2746,0.0631
2018-01-24,0.3412,0.2759,0.0654
2018-01-25,0.3398,0.2752,0.0646
2018-01-26,0.3408,0.2759,0.0648
2018-01-27,0.3409,0.2811,0.0598
2018-01-28,0.3525,0.2823,0.0702
2018-01-29,0.3520,0.2828,0.0691
2018-01-30,0.3587,0.2858,0.0730
2018-01-31,0.3562,0.2877,0.0685
2018-02-01,0.3518,0.2845,0.0672
2018-02-02,0.3505,0.2824,0.0681
2018-02-03,0.3508,0.2859,0.0649
2018-02-04,0.3595,0.2860,0.0734
2018-02-05,0.3527,0.2857,0.0670
2018-02-06,0.3443,0.2862,0.0581
2018-02-07,0.3437,0.2914,0.0523
2018-02-08,0.3299,0.2893,0.0406
2018-02-09,0.3122,0.2850,0.0272
2018-02-10,0.3085,0.2838,0.0247
2018-02-11,0.3045,0.2825,0.0221
2018-02-12,0.3016,0.2870,0.0146
2018-02-13,0.2880,0.2810,0.0069
2018-02-14,0.2797,0.2780,0.0016
2018-02-15,0.2736,0.2771,-0.0035
2018-02-16,0.2696,0.2752,-0.0056
2018-02-17,0.2685,0.2730,-0.0045
2018-02-18,0.2621,0.2731,-0.0110
2018-02-19,0.2609,0.2764,-0.0155
2018-02-20,0.2555,0.2726,-0.0171
2018-02-21,0.2452,0.2756,-0.0304
2018-02-22,0.2439,0.2776,-0.0337
2018-02-23,0.2347,0.2730,-0.0383
2018-02-24,0.2341,0.2765,-0.0424
2018-02-25,0.2238,0.2747,-0.0509
2018-02-26,0.2222,0.2743,-0.0522
2018-02-27,0.2184,0.2743,-0.0559
2018-02-28,0.2229,0.2768,-0.0539
2018-03-01,0.2207,0.2789,-0.0582
2018-03-02,0.2149,0.2800,-0.0652
2018-03-03,0.2114,0.2795,-0.0681
2018-03-04,0.2063,0.2791,-0.0727
2018-03-05,0.2054,0.2821,-0.0767
2018-03-06,0.2075,0.2874,-0.0799
2018-03-07,0.2190,0.2884,-0.0694
2018-03-08,0.2188,0.2923,-0.0735
2018-03-09,0.2190,0.2913,-0.0723
2018-03-10,0.2302,0.2915,-0.0613
2018-03-11,0.2289,0.2898,-0.0610
2018-03-12,0.2379,0.2909,-0.0530
2018-03-13,0.2488,0.2919,-0.0432
2018-03-14,0.2505,0.2893,-0.0388
2018-03-15,0.2599,0.2906,-0.0307
2018-03-16,0.2627,0.2898,-0.0272
2018-03-17,0.2660,0.2895,-0.0235
2018-03-18,0.2605,0.2888,-0.0283
2018-03-19,0.2677,0.2900,-0.0222
2018-03-20,0.2653,0.2886,-0.0233
2018-03-21,0.2704,0.2900,-0.0196
2018-03-22,0.2809,0.2899,-0.0090
2018-03-23,0.2875,0.2891,-0.0015
2018-03-24,0.2994,0.2899,0.0094
2018-03-25,0.3084,0.2905,0.0179
2018-03-26,0.3090,0.2884,0.0206
2018-03-27,0.3050,0.2869,0.0181
2018-03-28,0.3061,0.2860,0.0201
2018-03-29,0.3083,0.2854,0.0229
2018-03-30,0.3036,0.2841,0.0195
2018-03-31,0.3046,0.2826,0.0220
2018-04-01,0.3012,0.2799,0.0212
2018-04-02,0.2970,0.2777,0.0193
2018-04-03,0.3009,0.2801,0.0208
2018-04-04,0.2949,0.2775,0.0174
2018-04-05,0.2974,0.2756,0.0217
2018-04-06,0.3049,0.2752,0.0297
2018-04-07,0.3141,0.2745,0.0396
2018-04-08,0.3149,0.2729,0.0420
2018-04-09,0.3215,0.2721,0.0494
2018-04-10,0.3282,0.2703,0.0579
2018-04-11,0.3258,0.2677,0.0580
2018-04-12,0.3223,0.2666,0.0557
2018-04-13,0.3203,0.2648,0.0555
2018-04-14,0.3198,0.2630,0.0568
2018-04-15,0.3201,0.2618,0.0583
2018-04-16,0.3170,0.2600,0.0570
2018-04-17,0.3169,0.2582,0.0587
2018-04-18,0.3066,0.2535,0.0531
2018-04-19,0.3027,0.2501,0.0526
2018-04-20,0.3016,0.2485,0.0530
2018-04-21,0.2962,0.2446,0.0516
2018-04-22,0.2889,0.2406,0.0483
2018-04-23,0.2840,0.2364,0.0476
2018-04-24,0.2799,0.2332,0.0466
2018-04-25,0.2759,0.2300,0.0460
2018-04-26,0.2692,0.2264,0.0428
2018-04-27,0.2672,0.2248,0.0424
2018-04-28,0.2624,0.2224,0.0400
2018-04-29,0.2599,0.2219,0.0380
2018-04-30,0.2546,0.2200,0.0346
2018-05-01,0.2512,0.2195,0.0317
2018-05-02,0.2478,0.2191,0.0287
2018-05-03,0.2437,0.2163,0.0274
2018-05-04,0.2335,0.2149,0.0187
2018-05-05,0.2299,0.2142,0.0157
2018-05-06,0.2257,0.2119,0.0138
2018-05-07,0.2215,0.2110,0.0105
2018-05-08,0.2134,0.2092,0.0041
2018-05-09,0.2098,0.2080,0.0018
2018-05-10,0.2058,0.2066,-0.0008
2018-05-11,0.2037,0.2069,-0.0033
2018-05-12,0.2016,0.2060,-0.0044
2018-05-13,0.2007,0.2059,-0.0051
2018-05-14,0.1983,0.2058,-0.0075
2018-05-15,0.1937,0.2034,-0.0097
2018-05-16,0.1870,0.2019,-0.0149
2018-05-17,0.1823,0.2005,-0.0182
2018-05-18,0.1810,0.1989,-0.0179
2018-05-19,0.1770,0.1972,-0.0202
2018-05-20,0.1685,0.1936,-0.0251
2018-05-21,0.1648,0.1901,-0.0253
2018-05-22,0.1613,0.1883,-0.0270
2018-05-23,0.1570,0.1876,-0.0306
2018-05-24,0.1518,0.1840,-0.0322
2018-05-25,0.1489,0.1828,-0.0338
2018-05-26,0.1445,0.1812,-0.0367
2018-05-27,0.1424,0.1801,-0.0377
2018-05-28,0.1451,0.1795,-0.0344
2018-05-29,0.1454,0.1780,-0.0326
2018-05-30,0.1444,0.1764,-0.0320
2018-05-31,0.1424,0.1753,-0.0328
2018-06-01,0.1382,0.1740,-0.0359
2018-06-02,0.1338,0.1716,-0.0378
2018-06-03,0.1362,0.1709,-0.0347
2018-06-04,0.1360,0.1706,-0.0346
2018-06-05,0.1342,0.1698,-0.0356
2018-06-06,0.1320,0.1691,-0.0371
2018-06-07,0.1291,0.1664,-0.0373
2018-06-08,0.1267,0.1662,-0.0396
2018-06-09,0.1252,0.1650,-0.0398
2018-06-10,0.1256,0.1642,-0.0386
2018-06-11,0.1291,0.1639,-0.0348
2018-06-12,0.1311,0.1626,-0.0315
2018-06-13,0.1328,0.1622,-0.0294
2018-06-14,0.1334,0.1617,-0.0283
2018-06-15,0.1368,0.1612,-0.0244
2018-06-16,0.1333,0.1607,-0.0274
2018-06-17,0.1323,0.1599,-0.0275
2018-06-18,0.1309,0.1598,-0.0288
2018-06-19,0.1308,0.1596,-0.0288
2018-06-20,0.1318,0.1594,-0.0276
2018-06-21,0.1339,0.1604,-0.0266
2018-06-22,0.1393,0.1625,-0.0232
2018-06-23,0.1372,0.1633,-0.0261
2018-06-24,0.1441,0.1656,-0.0215
2018-06-25,0.1478,0.1660,-0.0182
2018-06-26,0.1514,0.1671,-0.0157
2018-06-27,0.1529,0.1673,-0.0144
2018-06-28,0.1576,0.1667,-0.0091
2018-06-29,0.1594,0.1677,-0.0083
2018-06-30,0.1565,0.1692,-0.0127
2018-07-01,0.1553,0.1704,-0.0152
2018-07-02,0.1496,0.1704,-0.0208
2018-07-03,0.1458,0.1706,-0.0248
2018-07-04,0.1462,0.1703,-0.0240
2018-07-05,0.1417,0.1711,-0.0294
2018-07-06,0.1459,0.1704,-0.0245
2018-07-07,0.1367,0.1712,-0.0345
2018-07-08,0.1340,0.1721,-0.0381
2018-07-09,0.1344,0.1734,-0.0390
2018-07-10,0.1300,0.1746,-0.0445
2018-07-11,0.1387,0.1754,-0.0367
2018-07-12,0.1333,0.1749,-0.0417
2018-07-13,0.1397,0.1779,-0.0382
2018-07-14,0.1325,0.1772,-0.0447
2018-07-15,0.1321,0.1785,-0.0464
2018-07-16,0.1337,0.1797,-0.0460
2018-07-17,0.1306,0.1809,-0.0503
2018-07-18,0.1316,0.1815,-0.0498
2018-07-19,0.1335,0.1830,-0.0495
2018-07-20,0.1345,0.1828,-0.0483
2018-07-21,0.1319,0.1818,-0.0499
2018-07-22,0.1361,0.1830,-0.0468
2018-07-23,0.1375,0.1829,-0.0454
2018-07-24,0.1356,0.1819,-0.0463
2018-07-25,0.1397,0.1815,-0.0418
2018-07-26,0.1352,0.1819,-0.0467
2018-07-27,0.1368,0.1781,-0.0413
2018-07-28,0.1397,0.1794,-0.0397
2018-07-29,0.1454,0.1788,-0.0334
2018-07-30,0.1511,0.1810,-0.0299
2018-07-31,0.1394,0.1794,-0.0400
2018-08-01,0.1412,0.1824,-0.0412
2018-08-02,0.1348,0.1805,-0.0456
2018-08-03,0.1308,0.1832,-0.0524
2018-08-04,0.1243,0.1820,-0.0577
2018-08-05,0.1219,0.1817,-0.0598
2018-08-06,0.1172,0.1804,-0.0632
2018-08-07,0.1149,0.1792,-0.0643
2018-08-08,0.1091,0.1783,-0.0692
2018-08-09,0.1071,0.1773,-0.0701
2018-08-10,0.1076,0.1772,-0.0695
2018-08-11,0.1114,0.1779,-0.0665
2018-08-12,0.1169,0.1789,-0.0620
2018-08-13,0.1172,0.1790,-0.0618
2018-08-14,0.1190,0.1789,-0.0599
2018-08-15,0.1222,0.1779,-0.0557
2018-08-16,0.1276,0.1783,-0.0507
2018-08-17,0.1274,0.1777,-0.0503
2018-08-18,0.1202,0.1755,-0.0552
2018-08-19,0.1173,0.1744,-0.0571
2018-08-20,0.1159,0.1735,-0.0576
2018-08-21,0.1120,0.1710,-0.0590
2018-08-22,0.1089,0.1701,-0.0612
2018-08-23,0.1112,0.1680,-0.0568
2018-08-24,0.1089,0.1667,-0.0578
2018-08-25,0.1068,0.1664,-0.0596
2018-08-26,0.1106,0.1662,-0.0557
2018-08-27,0.1128,0.1673,-0.0544
2018-08-28,0.1245,0.1694,-0.0449
2018-08-29,0.1279,0.1719,-0.0440
2018-08-30,0.1419,0.1751,-0.0332
2018-08-31,0.1407,0.1741,-0.0334
2018-09-01,0.1436,0.1745,-0.0309
2018-09-02,0.1466,0.1742,-0.0276
2018-09-03,0.1470,0.1740,-0.0269
2018-09-04,0.1483,0.1753,-0.0270
2018-09-05,0.1469,0.1762,-0.0293
2018-09-06,0.1487,0.1766,-0.0279
2018-09-07,0.1593,0.1795,-0.0202
2018-09-08,0.1657,0.1794,-0.0137
2018-09-09,0.1710,0.1796,-0.0086
2018-09-10,0.1689,0.1814,-0.0124
2018-09-11,0.1770,0.1828,-0.0058
2018-09-12,0.1789,0.1834,-0.0045
2018-09-13,0.1857,0.1865,-0.0008
2018-09-14,0.1944,0.1868,0.0076
2018-09-15,0.1908,0.1861,0.0047
2018-09-16,0.1951,0.1866,0.0085
2018-09-17,0.1866,0.1840,0.0026
2018-09-18,0.1822,0.1824,-0.0002
2018-09-19,0.1716,0.1786,-0.0071
2018-09-20,0.1672,0.1771,-0.0099
2018-09-21,0.1590,0.1759,-0.0169
2018-09-22,0.1571,0.1751,-0.0180
2018-09-23,0.1634,0.1746,-0.0112
2018-09-24,0.1634,0.1731,-0.0096
2018-09-25,0.1683,0.1771,-0.0089
2018-09-26,0.1698,0.1779,-0.0081
2018-09-27,0.1601,0.1753,-0.0152
2018-09-28,0.1609,0.1782,-0.0172
2018-09-29,0.1577,0.1772,-0.0195
2018-09-30,0.1588,0.1785,-0.0197
2018-10-01,0.1564,0.1794,-0.0230
2018-10-02,0.1526,0.1789,-0.0263
2018-10-03,0.1586,0.1816,-0.0231
2018-10-04,0.1618,0.1839,-0.0221
2018-10-05,0.1629,0.1854,-0.0225
2018-10-06,0.1629,0.1888,-0.0259
2018-10-07,0.1708,0.1917,-0.0209
2018-10-08,0.1742,0.1961,-0.0220
2018-10-09,0.1749,0.2003,-0.0253
2018-10-10,0.1800,0.2043,-0.0244
2018-10-11,0.1833,0.2078,-0.0245
2018-10-12,0.1813,0.2138,-0.0326
2018-10-13,0.1765,0.2191,-0.0426
2018-10-14,0.1731,0.2212,-0.0481
2018-10-15,0.1677,0.2213,-0.0536
2018-10-16,0.1660,0.2230,-0.0570
2018-10-17,0.1617,0.2239,-0.0622
2018-10-18,0.1610,0.2244,-0.0635
2018-10-19,0.1576,0.2264,-0.0688
2018-10-20,0.1551,0.2277,-0.0726
2018-10-21,0.1574,0.2306,-0.0731
2018-10-22,0.1550,0.2313,-0.0763
2018-10-23,0.1483,0.2316,-0.0833
2018-10-24,0.1439,0.2323,-0.0884
2018-10-25,0.1493,0.2349,-0.0855
2018-10-26,0.1482,0.2363,-0.0881
2018-10-27,0.1477,0.2368,-0.0890
2018-10-28,0.1527,0.2370,-0.0843
2018-10-29,0.1501,0.2365,-0.0864
2018-10-30,0.1558,0.2381,-0.0823
2018-10-31,0.1653,0.2391,-0.0738
2018-11-01,0.1660,0.2398,-0.0739
2018-11-02,0.1712,0.2424,-0.0711
2018-11-03,0.1744,0.2439,-0.0695
2018-11-04,0.1797,0.2450,-0.0653
2018-11-05,0.1829,0.2463,-0.0635
2018-11-06,0.1889,0.2474,-0.0584
2018-11-07,0.1891,0.2480,-0.0588
2018-11-08,0.1979,0.2501,-0.0521
2018-11-09,0.2040,0.2525,-0.0485
2018-11-10,0.2045,0.2538,-0.0494
2018-11-11,0.2111,0.2550,-0.0439
2018-11-12,0.2178,0.2556,-0.0379
2018-11-13,0.2191,0.2562,-0.0371
2018-11-14,0.2195,0.2548,-0.0354
2018-11-15,0.2202,0.2567,-0.0365
2018-11-16,0.2205,0.2590,-0.0385
2018-11-17,0.2212,0.2606,-0.0395
2018-11-18,0.2169,0.2620,-0.0451
2018-11-19,0.2163,0.2630,-0.0467
2018-11-20,0.2128,0.2642,-0.0513
2018-11-21,0.2155,0.2650,-0.0495
2018-11-22,0.2139,0.2649,-0.0510
2018-11-23,0.2138,0.2657,-0.0519
2018-11-24,0.2171,0.2673,-0.0502
2018-11-25,0.2168,0.2684,-0.0516
2018-11-26,0.2160,0.2689,-0.0529
2018-11-27,0.2180,0.2698,-0.0518
2018-11-28,0.2169,0.2691,-0.0522
2018-11-29,0.2155,0.2696,-0.0541
2018-11-30,0.2159,0.2689,-0.0530
2018-12-01,0.2162,0.2701,-0.0539
2018-12-02,0.2162,0.2719,-0.0556
2018-12-03,0.2147,0.2719,-0.0572
2018-12-04,0.2191,0.2734,-0.0544
2018-12-05,0.2183,0.2730,-0.0547
2018-12-06,0.2210,0.2730,-0.0520
2018-12-07,0.2267,0.2750,-0.0483
2018-12-08,0.2318,0.2754,-0.0436
2018-12-09,0.2382,0.2761,-0.0379
2018-12-10,0.2426,0.2767,-0.0342
2018-12-11,0.2422,0.2790,-0.0369
2018-12-12,0.2444,0.2807,-0.0363
2018-12-13,0.2471,0.2809,-0.0339
2018-12-14,0.2488,0.2824,-0.0336
2018-12-15,0.2493,0.2832,-0.0340
2018-12-16,0.2529,0.2838,-0.0310
2018-12-17,0.2495,0.2834,-0.0338
2018-12-18,0.2580,0.2867,-0.0287
2018-12-19,0.2630,0.2870,-0.0239
2018-12-20,0.2631,0.2890,-0.0259
2018-12-21,0.2668,0.2899,-0.0231
2018-12-22,0.2726,0.2921,-0.0195
2018-12-23,0.2746,0.2949,-0.0203
2018-12-24,0.2749,0.2972,-0.0223
2018-12-25,0.2756,0.2980,-0.0224
2018-12-26,0.2786,0.2991,-0.0205
2018-12-27,0.2773,0.2981,-0.0208
2018-12-28,0.2784,0.2985,-0.0201
2018-12-29,0.2754,0.2977,-0.0224
2018-12-30,0.2769,0.2971,-0.0202
2018-12-31,0.2778,0.2952,-0.0174
2019-01-01,0.2783,0.2944,-0.0161
2019-01-02,0.2781,0.2939,-0.0158
2019-01-03,0.2757,0.2912,-0.0155
2019-01-04,0.2775,0.2918,-0.0143
2019-01-05,0.2825,0.2912,-0.0086
2019-01-06,0.2886,0.2933,-0.0047
2019-01-07,0.2877,0.2886,-0.0010
2019-01-08,0.2893,0.2878,0.0015
2019-01-09,0.2914,0.2858,0.0056
2019-01-10,0.2910,0.2833,0.0077
2019-01-11,0.2910,0.2813,0.0097
2019-01-12,0.2904,0.2818,0.0086
2019-01-13,0.2908,0.2845,0.0063
2019-01-14,0.2913,0.2832,0.0081
2019-01-15,0.2907,0.2829,0.0078
2019-01-16,0.2891,0.2830,0.0060
2019-01-17,0.2888,0.2816,0.0072
2019-01-18,0.2880,0.2780,0.0100
2019-01-19,0.2853,0.2758,0.0095
2019-01-20,0.2850,0.2775,0.0075
2019-01-21,0.2779,0.2770,0.0009
2019-01-22,0.2780,0.2761,0.0019
2019-01-23,0.2711,0.2746,-0.0035
2019-01-24,0.2606,0.2759,-0.0153
2019-01-25,0.2536,0.2752,-0.0216
2019-01-26,0.2450,0.2759,-0.0310
2019-01-27,0.2486,0.2811,-0.0325
2019-01-28,0.2436,0.2823,-0.0387
2019-01-29,0.2477,0.2828,-0.0351
2019-01-30,0.2444,0.2858,-0.0413
2019-01-31,0.2387,0.2877,-0.0490
2019-02-01,0.2346,0.2845,-0.0499
2019-02-02,0.2295,0.2824,-0.0529
2019-02-03,0.2387,0.2859,-0.0473
2019-02-04,0.2319,0.2860,-0.0541
2019-02-05,0.2288,0.2857,-0.0568
2019-02-06,0.2360,0.2862,-0.0502
2019-02-07,0.2324,0.2914,-0.0590
2019-02-08,0.2356,0.2893,-0.0537
2019-02-09,0.2430,0.2850,-0.0420
2019-02-10,0.2473,0.2838,-0.0366
2019-02-11,0.2504,0.2825,-0.0321
2019-02-12,0.2639,0.2870,-0.0231
2019-02-13,0.2747,0.2810,-0.0063
2019-02-14,0.2761,0.2780,-0.0019
2019-02-15,0.2874,0.2771,0.0102
2019-02-16,0.2830,0.2752,0.0078
2019-02-17,0.2831,0.2730,0.0101
2019-02-18,0.2820,0.2731,0.0089
2019-02-19,0.2822,0.2764,0.0058
2019-02-20,0.2880,0.2726,0.0154
2019-02-21,0.2965,0.2756,0.0209
2019-02-22,0.2978,0.2776,0.0202
2019-02-23,0.2935,0.2730,0.0205
2019-02-24,0.2979,0.2765,0.0214
2019-02-25,0.2966,0.2747,0.0219
2019-02-26,0.2945,0.2743,0.0202
2019-02-27,0.2920,0.2743,0.0176
2019-02-28,0.2899,0.2768,0.0132
2019-03-01,0.2864,0.2789,0.0075
2019-03-02,0.2848,0.2800,0.0048
2019-03-03,0.2845,0.2795,0.0050
2019-03-04,0.2797,0.2791,0.0006
2019-03-05,0.2793,0.2821,-0.0028
2019-03-06,0.2782,0.2874,-0.0092
2019-03-07,0.2784,0.2884,-0.0100
2019-03-08,0.2795,0.2923,-0.0128
2019-03-09,0.2791,0.2913,-0.0122
2019-03-10,0.2792,0.2915,-0.0123
2019-03-11,0.2787,0.2898,-0.0111
2019-03-12,0.2763,0.2909,-0.0145
2019-03-13,0.2789,0.2919,-0.0130
2019-03-14,0.2761,0.2893,-0.0132
2019-03-15,0.2770,0.2906,-0.0136
2019-03-16,0.2801,0.2898,-0.0098
2019-03-17,0.2799,0.2895,-0.0096
2019-03-18,0.2809,0.2888,-0.0079
2019-03-19,0.2825,0.2900,-0.0075
2019-03-20,0.2813,0.2886,-0.0073
2019-03-21,0.2821,0.2900,-0.0079
2019-03-22,0.2835,0.2899,-0.0064
2019-03-23,0.2802,0.2891,-0.0088
2019-03-24,0.2800,0.2899,-0.0099
2019-03-25,0.2805,0.2905,-0.0100
2019-03-26,0.2789,0.2884,-0.0094
2019-03-27,0.2788,0.2869,-0.0081
2019-03-28,0.2778,0.2860,-0.0082
2019-03-29,0.2769,0.2854,-0.0085
2019-03-30,0.2766,0.2841,-0.0075
2019-03-31,0.2738,0.2826,-0.0088
2019-04-01,0.2709,0.2799,-0.0090
2019-04-02,0.2677,0.2777,-0.0101
2019-04-03,0.2659,0.2801,-0.0142
2019-04-04,0.2641,0.2775,-0.0134
2019-04-05,0.2587,0.2756,-0.0170
2019-04-06,0.2560,0.2752,-0.0192
2019-04-07,0.2530,0.2745,-0.0215
2019-04-08,0.2486,0.2729,-0.0242
2019-04-09,0.2422,0.2721,-0.0299
2019-04-10,0.2380,0.2703,-0.0323
2019-04-11,0.2341,0.2677,-0.0336
2019-04-12,0.2336,0.2666,-0.0330
2019-04-13,0.2278,0.2648,-0.0371
2019-04-14,0.2249,0.2630,-0.0381
2019-04-15,0.2219,0.2618,-0.0399
2019-04-16,0.2190,0.2600,-0.0410
2019-04-17,0.2099,0.2582,-0.0483
2019-04-18,0.2051,0.2535,-0.0484
2019-04-19,0.2017,0.2501,-0.0484
2019-04-20,0.1985,0.2485,-0.0500
2019-04-21,0.1911,0.2446,-0.0535
2019-04-22,0.1877,0.2406,-0.0530
2019-04-23,0.1830,0.2364,-0.0534
2019-04-24,0.1813,0.2332,-0.0519
2019-04-25,0.1748,0.2300,-0.0551
2019-04-26,0.1707,0.2264,-0.0557
2019-04-27,0.1732,0.2248,-0.0516
2019-04-28,0.1712,0.2224,-0.0512
2019-04-29,0.1747,0.2219,-0.0473
2019-04-30,0.1745,0.2200,-0.0455
2019-05-01,0.1734,0.2195,-0.0461
2019-05-02,0.1740,0.2191,-0.0450
2019-05-03,0.1714,0.2163,-0.0448
2019-05-04,0.1698,0.2149,-0.0451
2019-05-05,0.1690,0.2142,-0.0452
2019-05-06,0.1676,0.2119,-0.0443
2019-05-07,0.1654,0.2110,-0.0457
2019-05-08,0.1627,0.2092,-0.0465
2019-05-09,0.1629,0.2080,-0.0451
2019-05-10,0.1648,0.2066,-0.0418
2019-05-11,0.1670,0.2069,-0.0399
2019-05-12,0.1687,0.2060,-0.0373
2019-05-13,0.1671,0.2059,-0.0388
2019-05-14,0.1676,0.2058,-0.0382
2019-05-15,0.1659,0.2034,-0.0376
2019-05-16,0.1653,0.2019,-0.0366
2019-05-17,0.1622,0.2005,-0.0383
2019-05-18,0.1646,0.1989,-0.0343
2019-05-19,0.1597,0.1972,-0.0375
2019-05-20,0.1587,0.1936,-0.0349
2019-05-21,0.1597,0.1901,-0.0304
2019-05-22,0.1578,0.1883,-0.0305
2019-05-23,0.1587,0.1876,-0.0289
2019-05-24,0.1591,0.1840,-0.0250
2019-05-25,0.1591,0.1828,-0.0236
2019-05-26,0.1580,0.1812,-0.0233
2019-05-27,0.1633,0.1801,-0.0168
2019-05-28,0.1660,0.1795,-0.0135
2019-05-29,0.1654,0.1780,-0.0126
2019-05-30,0.1635,0.1764,-0.0128
2019-05-31,0.1613,0.1753,-0.0139
2019-06-01,0.1609,0.1740,-0.0131
2019-06-02,0.1620,0.1716,-0.0096
2019-06-03,0.1590,0.1709,-0.0119
2019-06-04,0.1616,0.1706,-0.0090
2019-06-05,0.1618,0.1698,-0.0079
2019-06-06,0.1602,0.1691,-0.0088
2019-06-07,0.1574,0.1664,-0.0090
2019-06-08,0.1668,0.1662,0.0005
2019-06-09,0.1683,0.1650,0.0033
2019-06-10,0.1680,0.1642,0.0038
2019-06-11,0.1680,0.1639,0.0041
2019-06-12,0.1686,0.1626,0.0060
2019-06-13,0.1690,0.1622,0.0069
2019-06-14,0.1701,0.1617,0.0084
2019-06-15,0.1727,0.1612,0.0114
2019-06-16,0.1733,0.1607,0.0126
2019-06-17,0.1743,0.1599,0.0144
2019-06-18,0.1759,0.1598,0.0161
2019-06-19,0.1733,0.1596,0.0137
2019-06-20,0.1760,0.1594,0.0166
2019-06-21,0.1783,0.1604,0.0178
2019-06-22,0.1783,0.1625,0.0158
2019-06-23,0.1853,0.1633,0.0219
2019-06-24,0.1889,0.1656,0.0232
2019-06-25,0.1889,0.1660,0.0228
2019-06-26,0.1969,0.1671,0.0298
2019-06-27,0.1969,0.1673,0.0295
2019-06-28,0.1824,0.1667,0.0157
2019-06-29,0.1813,0.1677,0.0136
2019-06-30,0.1813,0.1692,0.0122
2019-07-01,0.1813,0.1704,0.0109
2019-07-02,0.1813,0.1704,0.0109
2019-07-03,0.1813,0.1706,0.0107
2019-07-04,0.1816,0.1703,0.0113
2019-07-05,0.1816,0.1711,0.0105
2019-07-06,0.1664,0.1704,-0.0040
2019-07-07,,0.1712,
2019-07-08,,0.1721,
2019-07-09,,0.1734,
2019-07-10,,0.1746,
2019-07-11,,0.1754,
2019-07-12,,0.1749,
2019-07-13,,0.1779,
2019-07-14,,0.1772,
2019-07-15,,0.1785,
2019-07-16,,0.1797,
2019-07-17,,0.1809,
2019-07-18,,0.1815,
2019-07-19,,0.1830,
2019-07-20,,0.1828,
2019-07-21,,0.1818,
2019-07-22,,0.1830,
2019-07-23,,0.1829,
2019-07-24,,0.1819,
2019-07-25,,0.1815,
2019-07-26,,0.1819,
2019-07-27,0.1533,0.1781,-0.0248
2019-07-28,0.1533,0.1794,-0.0261
2019-07-29,0.1390,0.1788,-0.0398
2019-07-30,0.1567,0.1810,-0.0242
2019-07-31,0.1567,0.1794,-0.0227
2019-08-01,0.1763,0.1824,-0.0061
2019-08-02,0.1763,0.1805,-0.0042
2019-08-03,0.1841,0.1832,0.0009
2019-08-04,0.1891,0.1820,0.0071
2019-08-05,0.1891,0.1817,0.0074
2019-08-06,0.1876,0.1804,0.0072
2019-08-07,0.1854,0.1792,0.0062
2019-08-08,0.1854,0.1783,0.0071
2019-08-09,0.1837,0.1773,0.0065
2019-08-10,0.1837,0.1772,0.0066
2019-08-11,0.1820,0.1779,0.0041
2019-08-12,0.1801,0.1789,0.0012
2019-08-13,0.1812,0.1790,0.0022
2019-08-14,0.1793,0.1789,0.0004
2019-08-15,0.1778,0.1779,-0.0001
2019-08-16,0.1810,0.1783,0.0028
2019-08-17,0.1820,0.1777,0.0043
2019-08-18,0.1880,0.1755,0.0125
2019-08-19,0.1861,0.1744,0.0117
2019-08-20,0.1848,0.1735,0.0113
2019-08-21,0.1790,0.1710,0.0080
2019-08-22,0.1757,0.1701,0.0056
2019-08-23,0.1681,0.1680,0.0001
2019-08-24,0.1639,0.1667,-0.0028
2019-08-25,0.1599,0.1664,-0.0065
2019-08-26,0.1584,0.1662,-0.0078
2019-08-27,0.1554,0.1673,-0.0119
2019-08-28,0.1565,0.1694,-0.0128
2019-08-29,0.1555,0.1719,-0.0164
2019-08-30,0.1565,0.1751,-0.0186
2019-08-31,0.1557,0.1741,-0.0184
2019-09-01,0.1554,0.1745,-0.0191
2019-09-02,0.1524,0.1742,-0.0217
2019-09-03,0.1519,0.1740,-0.0221
2019-09-04,0.1522,0.1753,-0.0231
2019-09-05,0.1526,0.1762,-0.0236
2019-09-06,0.1491,0.1766,-0.0275
2019-09-07,0.1476,0.1795,-0.0319
2019-09-08,0.1426,0.1794,-0.0368
2019-09-09,0.1403,0.1796,-0.0393
2019-09-10,0.1500,0.1814,-0.0314
2019-09-11,0.1511,0.1828,-0.0317
2019-09-12,0.1578,0.1834,-0.0256
2019-09-13,0.1621,0.1865,-0.0244
2019-09-14,0.1662,0.1868,-0.0206
2019-09-15,0.1674,0.1861,-0.0187
2019-09-16,0.1702,0.1866,-0.0164
2019-09-17,0.1702,0.1840,-0.0138
2019-09-18,0.1738,0.1824,-0.0086
2019-09-19,0.1743,0.1786,-0.0043
2019-09-20,0.1759,0.1771,-0.0012
2019-09-21,0.1777,0.1759,0.0017
2019-09-22,0.1828,0.1751,0.0077
2019-09-23,0.1799,0.1746,0.0053
2019-09-24,0.1813,0.1731,0.0082
2019-09-25,0.1833,0.1771,0.0062
2019-09-26,0.1864,0.1779,0.0085
2019-09-27,0.1912,0.1753,0.0158
2019-09-28,0.1998,0.1782,0.0216
2019-09-29,0.2033,0.1772,0.0262
2019-09-30,0.1981,0.1785,0.0196
2019-10-01,0.2047,0.1794,0.0253
2019-10-02,0.2048,0.1789,0.0259
2019-10-03,0.2039,0.1816,0.0223
2019-10-04,0.2100,0.1839,0.0261
2019-10-05,0.2127,0.1854,0.0272
2019-10-06,0.2202,0.1888,0.0315
2019-10-07,0.2226,0.1917,0.0309
2019-10-08,0.2231,0.1961,0.0269
2019-10-09,0.2259,0.2003,0.0257
2019-10-10,0.2307,0.2043,0.0264
2019-10-11,0.2339,0.2078,0.0260
2019-10-12,0.2402,0.2138,0.0263
2019-10-13,0.2496,0.2191,0.0305
2019-10-14,0.2601,0.2212,0.0389
2019-10-15,0.2614,0.2213,0.0401
2019-10-16,0.2652,0.2230,0.0422
2019-10-17,0.2670,0.2239,0.0431
2019-10-18,0.2725,0.2244,0.0480
2019-10-19,0.2751,0.2264,0.0486
2019-10-20,0.2746,0.2277,0.0468
2019-10-21,0.2736,0.2306,0.0431
2019-10-22,0.2730,0.2313,0.0417
2019-10-23,0.2730,0.2316,0.0414
2019-10-24,0.2726,0.2323,0.0403
2019-10-25,0.2721,0.2349,0.0372
2019-10-26,0.2723,0.2363,0.0360
2019-10-27,0.2745,0.2368,0.0377
2019-10-28,0.2719,0.2370,0.0348
2019-10-29,0.2732,0.2365,0.0366
2019-10-30,0.2698,0.2381,0.0317
2019-10-31,0.2668,0.2391,0.0276
2019-11-01,0.2637,0.2398,0.0239
2019-11-02,0.2681,0.2424,0.0257
2019-11-03,0.2687,0.2439,0.0248
2019-11-04,0.2683,0.2450,0.0232
2019-11-05,0.2688,0.2463,0.0225
2019-11-06,0.2675,0.2474,0.0201
2019-11-07,0.2661,0.2480,0.0181
2019-11-08,0.2663,0.2501,0.0162
2019-11-09,0.2660,0.2525,0.0135
2019-11-10,0.2662,0.2538,0.0123
2019-11-11,0.2660,0.2550,0.0110
2019-11-12,0.2655,0.2556,0.0098
2019-11-13,0.2653,0.2562,0.0092
2019-11-14,0.2653,0.2548,0.0104
2019-11-15,0.2662,0.2567,0.0095
2019-11-16,0.2686,0.2590,0.0096
2019-11-17,0.2707,0.2606,0.0101
2019-11-18,0.2719,0.2620,0.0100
2019-11-19,0.2791,0.2630,0.0161
2019-11-20,0.2832,0.2642,0.0190
2019-11-21,0.2839,0.2650,0.0189
2019-11-22,0.2809,0.2649,0.0160
2019-11-23,0.2805,0.2657,0.0148
2019-11-24,0.2820,0.2673,0.0146
2019-11-25,0.2825,0.2684,0.0141
2019-11-26,0.2846,0.2689,0.0157
2019-11-27,0.2860,0.2698,0.0162
2019-11-28,0.2875,0.2691,0.0184
2019-11-29,0.2880,0.2696,0.0184
2019-11-30,0.2896,0.2689,0.0208
2019-12-01,0.2904,0.2701,0.0202
2019-12-02,0.2898,0.2719,0.0179
2019-12-03,0.2919,0.2719,0.0200
2019-12-04,0.2919,0.2734,0.0185
2019-12-05,0.2930,0.2730,0.0200
2019-12-06,0.2926,0.2730,0.0196
2019-12-07,0.2950,0.2750,0.0199
2019-12-08,0.2956,0.2754,0.0203
2019-12-09,0.2923,0.2761,0.0162
2019-12-10,0.2920,0.2767,0.0152
2019-12-11,0.2919,0.2790,0.0128
2019-12-12,0.2933,0.2807,0.0126
2019-12-13,0.2932,0.2809,0.0123
2019-12-14,0.2927,0.2824,0.0103
2019-12-15,0.2950,0.2832,0.0117
2019-12-16,0.2938,0.2838,0.0099
2019-12-17,0.2957,0.2834,0.0123
2019-12-18,0.2979,0.2867,0.0112
2019-12-19,0.2982,0.2870,0.0113
2019-12-20,0.2984,0.2890,0.0093
2019-12-21,0.3018,0.2899,0.0119
2019-12-22,0.3034,0.2921,0.0113
2019-12-23,0.3065,0.2949,0.0116
2019-12-24,0.3077,0.2972,0.0105
2019-12-25,0.3097,0.2980,0.0117
2019-12-26,0.3085,0.2991,0.0093
2019-12-27,0.3073,0.2981,0.0092
2019-12-28,0.3053,0.2985,0.0068
2019-12-29,0.3014,0.2977,0.0036
2019-12-30,0.3025,0.2971,0.0053
2019-12-31,0.3029,0.2952,0.0077
2020-01-01,0.3023,0.2944,0.0079
2020-01-02,0.2964,0.2939,0.0025
2020-01-03,0.2956,0.2912,0.0044
2020-01-04,0.2933,0.2918,0.0015
2020-01-05,0.2940,0.2912,0.0029
2020-01-06,0.2954,0.2933,0.0021
2020-01-07,0.2930,0.2886,0.0043
2020-01-08,0.2937,0.2878,0.0059
2020-01-09,0.2932,0.2858,0.0074
2020-01-10,0.2960,0.2833,0.0126
2020-01-11,0.2978,0.2813,0.0165
2020-01-12,0.2940,0.2818,0.0122
2020-01-13,0.2945,0.2845,0.0100
2020-01-14,0.2951,0.2832,0.0119
2020-01-15,0.2953,0.2829,0.0123
2020-01-16,0.2943,0.2830,0.0113
2020-01-17,0.2954,0.2816,0.0138
2020-01-18,0.2991,0.2780,0.0212
2020-01-19,0.2972,0.2758,0.0215
2020-01-20,0.2963,0.2775,0.0188
2020-01-21,0.2949,0.2770,0.0180
2020-01-22,0.3010,0.2761,0.0249
2020-01-23,0.3023,0.2746,0.0277
2020-01-24,0.3013,0.2759,0.0254
2020-01-25,0.3012,0.2752,0.0260
2020-01-26,0.2974,0.2759,0.0215
2020-01-27,0.2956,0.2811,0.0145
2020-01-28,0.2950,0.2823,0.0126
2020-01-29,0.2950,0.2828,0.0121
2020-01-30,0.2946,0.2858,0.0089
2020-01-31,0.2925,0.2877,0.0048
2020-02-01,0.2925,0.2845,0.0080
2020-02-02,0.2918,0.2824,0.0094
2020-02-03,0.2931,0.2859,0.0072
2020-02-04,0.2959,0.2860,0.0099
2020-02-05,0.2971,0.2857,0.0115
2020-02-06,0.2984,0.2862,0.0122
2020-02-07,0.3010,0.2914,0.0096
2020-02-08,0.3034,0.2893,0.0141
2020-02-09,0.3036,0.2850,0.0186
2020-02-10,0.3059,0.2838,0.0221
2020-02-11,0.3086,0.2825,0.0261
2020-02-12,0.3149,0.2870,0.0280
2020-02-13,0.3173,0.2810,0.0362
2020-02-14,0.3192,0.2780,0.0412
2020-02-15,0.3229,0.2771,0.0457
2020-02-16,0.3274,0.2752,0.0522
2020-02-17,0.3288,0.2730,0.0558
2020-02-18,0.3319,0.2731,0.0588
2020-02-19,0.3289,0.2764,0.0525
2020-02-20,0.3266,0.2726,0.0540
2020-02-21,0.3266,0.2756,0.0510
2020-02-22,0.3257,0.2776,0.0481
2020-02-23,0.3254,0.2730,0.0524
2020-02-24,0.3252,0.2765,0.0488
2020-02-25,0.3272,0.2747,0.0525
2020-02-26,0.3285,0.2743,0.0542
2020-02-27,0.3285,0.2743,0.0541
2020-02-28,0.3278,0.2768,0.0510
2020-02-29,0.3296,0.2778,0.0518
2020-03-01,0.3300,0.2789,0.0511
2020-03-02,0.3318,0.2800,0.0518
2020-03-03,0.3274,0.2795,0.0479
2020-03-04,0.3274,0.2791,0.0483
2020-03-05,0.3262,0.2821,0.0441
2020-03-06,0.3249,0.2874,0.0375
2020-03-07,0.3235,0.2884,0.0351
2020-03-08,0.3216,0.2923,0.0293
2020-03-09,0.3236,0.2913,0.0323
2020-03-10,0.3226,0.2915,0.0311
2020-03-11,0.3246,0.2898,0.0347
2020-03-12,0.3274,0.2909,0.0365
2020-03-13,0.3285,0.2919,0.0366
2020-03-14,0.3250,0.2893,0.0357
2020-03-15,0.3242,0.2906,0.0336
2020-03-16,0.3217,0.2898,0.0319
2020-03-17,0.3217,0.2895,0.0322
2020-03-18,0.3202,0.2888,0.0315
2020-03-19,0.3203,0.2900,0.0303
2020-03-20,0.3180,0.2886,0.0294
2020-03-21,0.3164,0.2900,0.0263
2020-03-22,0.3074,0.2899,0.0175
2020-03-23,0.3019,0.2891,0.0129
2020-03-24,0.3019,0.2899,0.0120
2020-03-25,0.2976,0.2905,0.0071
2020-03-26,0.2921,0.2884,0.0037
2020-03-27,0.2907,0.2869,0.0038
2020-03-28,0.2888,0.2860,0.0028
2020-03-29,0.2836,0.2854,-0.0018
2020-03-30,0.2753,0.2841,-0.0088
2020-03-31,0.2735,0.2826,-0.0091
2020-04-01,0.2658,0.2799,-0.0141
2020-04-02,0.2657,0.2777,-0.0120
2020-04-03,0.2634,0.2801,-0.0167
2020-04-04,0.2586,0.2775,-0.0188
2020-04-05,0.2588,0.2756,-0.0168
2020-04-06,0.2588,0.2752,-0.0163
2020-04-07,0.2540,0.2745,-0.0205
2020-04-08,0.2509,0.2729,-0.0220
2020-04-09,0.2472,0.2721,-0.0249
2020-04-10,0.2446,0.2703,-0.0257
2020-04-11,0.2403,0.2677,-0.0275
2020-04-12,0.2397,0.2666,-0.0269
2020-04-13,0.2394,0.2648,-0.0254
2020-04-14,0.2385,0.2630,-0.0245
2020-04-15,0.2345,0.2618,-0.0274
2020-04-16,0.2312,0.2600,-0.0289
2020-04-17,0.2281,0.2582,-0.0301
2020-04-18,0.2243,0.2535,-0.0293
2020-04-19,0.2212,0.2501,-0.0288
2020-04-20,0.2185,0.2485,-0.0300
2020-04-21,0.2141,0.2446,-0.0305
2020-04-22,0.2099,0.2406,-0.0308
2020-04-23,0.2004,0.2364,-0.0359
2020-04-24,0.1964,0.2332,-0.0369
2020-04-25,0.1910,0.2300,-0.0390
2020-04-26,0.1856,0.2264,-0.0408
2020-04-27,0.1769,0.2248,-0.0479
2020-04-28,0.1739,0.2224,-0.0485
2020-04-29,0.1739,0.2219,-0.0480
2020-04-30,0.1706,0.2200,-0.0494
2020-05-01,0.1775,0.2195,-0.0420
2020-05-02,0.1817,0.2191,-0.0373
2020-05-03,0.1772,0.2163,-0.0391
2020-05-04,0.1799,0.2149,-0.0349
2020-05-05,0.1792,0.2142,-0.0349
2020-05-06,0.1782,0.2119,-0.0338
2020-05-07,0.1806,0.2110,-0.0304
2020-05-08,0.1808,0.2092,-0.0284
2020-05-09,0.1803,0.2080,-0.0277
2020-05-10,0.1795,0.2066,-0.0271
2020-05-11,0.1810,0.2069,-0.0259
2020-05-12,0.1795,0.2060,-0.0265
2020-05-13,0.1831,0.2059,-0.0228
2020-05-14,0.1860,0.2058,-0.0197
2020-05-15,0.1851,0.2034,-0.0183
2020-05-16,0.1905,0.2019,-0.0114
2020-05-17,0.1941,0.2005,-0.0065
2020-05-18,0.1930,0.1989,-0.0059
2020-05-19,0.1946,0.1972,-0.0026
2020-05-20,0.1898,0.1936,-0.0038
2020-05-21,0.1778,0.1901,-0.0123
2020-05-22,0.1732,0.1883,-0.0151
2020-05-23,0.1742,0.1876,-0.0134
2020-05-24,0.1710,0.1840,-0.0131
2020-05-25,0.1732,0.1828,-0.0095
2020-05-26,0.1739,0.1812,-0.0074
2020-05-27,0.1709,0.1801,-0.0092
2020-05-28,0.1692,0.1795,-0.0103
2020-05-29,0.1665,0.1780,-0.0116
2020-05-30,0.1661,0.1764,-0.0102
2020-05-31,0.1630,0.1753,-0.0123
2020-06-01,0.1631,0.1740,-0.0109
2020-06-02,0.1562,0.1716,-0.0155
2020-06-03,0.1519,0.1709,-0.0190
2020-06-04,0.1500,0.1706,-0.0206
2020-06-05,0.1558,0.1698,-0.0140
2020-06-06,0.1590,0.1691,-0.0101
2020-06-07,0.1572,0.1664,-0.0093
2020-06-08,0.1581,0.1662,-0.0082
2020-06-09,0.1601,0.1650,-0.0049
2020-06-10,0.1630,0.1642,-0.0012
2020-06-11,0.1630,0.1639,-0.0009
2020-06-12,0.1607,0.1626,-0.0019
2020-06-13,0.1650,0.1622,0.0028
2020-06-14,0.1684,0.1617,0.0067
2020-06-15,0.1671,0.1612,0.0058
2020-06-16,0.1683,0.1607,0.0076
2020-06-17,0.1702,0.1599,0.0103
2020-06-18,0.1730,0.1598,0.0132
2020-06-19,0.1767,0.1596,0.0171
2020-06-20,0.1818,0.1594,0.0225
2020-06-21,0.1842,0.1604,0.0238
2020-06-22,0.1901,0.1625,0.0276
2020-06-23,0.1990,0.1633,0.0357
2020-06-24,0.1936,0.1656,0.0280
2020-06-25,0.1905,0.1660,0.0244
2020-06-26,0.1827,0.1671,0.0156
2020-06-27,0.1791,0.1673,0.0117
2020-06-28,0.1801,0.1667,0.0134
2020-06-29,0.1778,0.1677,0.0101
2020-06-30,0.1769,0.1692,0.0077
2020-07-01,0.1769,0.1704,0.0065
2020-07-02,0.1774,0.1704,0.0070
2020-07-03,0.1749,0.1706,0.0043
2020-07-04,0.1694,0.1703,-0.0009
2020-07-05,0.1727,0.1711,0.0017
2020-07-06,0.1721,0.1704,0.0018
2020-07-07,0.1718,0.1712,0.0006
2020-07-08,0.1739,0.1721,0.0018
2020-07-09,0.1707,0.1734,-0.0027
2020-07-10,0.1767,0.1746,0.0022
2020-07-11,0.1741,0.1754,-0.0013
2020-07-12,0.1762,0.1749,0.0013
2020-07-13,0.1775,0.1779,-0.0005
2020-07-14,0.1806,0.1772,0.0034
2020-07-15,0.1843,0.1785,0.0058
2020-07-16,0.1896,0.1797,0.0098
2020-07-17,0.1935,0.1809,0.0126
2020-07-18,0.1933,0.1815,0.0118
2020-07-19,0.1965,0.1830,0.0135
2020-07-20,0.1975,0.1828,0.0148
2020-07-21,0.1961,0.1818,0.0143
2020-07-22,0.1972,0.1830,0.0142
2020-07-23,0.1956,0.1829,0.0127
2020-07-24,0.1946,0.1819,0.0126
2020-07-25,0.1930,0.1815,0.0115
2020-07-26,0.1923,0.1819,0.0104
2020-07-27,0.1943,0.1781,0.0162
2020-07-28,0.1953,0.1794,0.0158
2020-07-29,0.1950,0.1788,0.0162
2020-07-30,0.1900,0.1810,0.0090
2020-07-31,0.1872,0.1794,0.0078
2020-08-01,0.1832,0.1824,0.0008
2020-08-02,0.1823,0.1805,0.0018
2020-08-03,0.1834,0.1832,0.0003
2020-08-04,0.1793,0.1820,-0.0027
2020-08-05,0.1746,0.1817,-0.0071
2020-08-06,0.1735,0.1804,-0.0069
2020-08-07,0.1720,0.1792,-0.0073
2020-08-08,0.1691,0.1783,-0.0092
2020-08-09,0.1648,0.1773,-0.0124
2020-08-10,0.1635,0.1772,-0.0137
2020-08-11,0.1629,0.1779,-0.0150
2020-08-12,0.1617,0.1789,-0.0172
2020-08-13,0.1569,0.1790,-0.0221
2020-08-14,0.1544,0.1789,-0.0245
2020-08-15,0.1517,0.1779,-0.0262
2020-08-16,0.1486,0.1783,-0.0297
2020-08-17,0.1445,0.1777,-0.0332
2020-08-18,0.1406,0.1755,-0.0349
2020-08-19,0.1406,0.1744,-0.0339
2020-08-20,0.1391,0.1735,-0.0344
2020-08-21,0.1411,0.1710,-0.0299
2020-08-22,0.1442,0.1701,-0.0259
2020-08-23,0.1395,0.1680,-0.0285
2020-08-24,0.1413,0.1667,-0.0254
2020-08-25,0.1484,0.1664,-0.0180
2020-08-26,0.1472,0.1662,-0.0191
2020-08-27,0.1569,0.1673,-0.0103
2020-08-28,0.1587,0.1694,-0.0107
2020-08-29,0.1673,0.1719,-0.0046
2020-08-30,0.1710,0.1751,-0.0041
2020-08-31,0.1723,0.1741,-0.0018
2020-09-01,0.1744,0.1745,-0.0001
2020-09-02,0.1797,0.1742,0.0055
2020-09-03,0.1845,0.1740,0.0105
2020-09-04,0.1904,0.1753,0.0151
2020-09-05,0.1973,0.1762,0.0212
2020-09-06,0.2068,0.1766,0.0303
2020-09-07,0.2080,0.1795,0.0286
2020-09-08,0.2080,0.1794,0.0286
2020-09-09,0.2070,0.1796,0.0274
2020-09-10,0.2068,0.1814,0.0255
2020-09-11,0.2092,0.1828,0.0264
2020-09-12,0.2051,0.1834,0.0217
2020-09-13,0.2088,0.1865,0.0223
2020-09-14,0.2020,0.1868,0.0152
2020-09-15,0.1975,0.1861,0.0114
2020-09-16,0.1919,0.1866,0.0053
2020-09-17,0.1852,0.1840,0.0012
2020-09-18,0.1758,0.1824,-0.0066
2020-09-19,0.1728,0.1786,-0.0058
2020-09-20,0.1674,0.1771,-0.0097
2020-09-21,0.1649,0.1759,-0.0110
2020-09-22,0.1574,0.1751,-0.0177
2020-09-23,0.1534,0.1746,-0.0211
2020-09-24,0.1449,0.1731,-0.0281
2020-09-25,0.1571,0.1771,-0.0200
2020-09-26,0.1581,0.1779,-0.0198
2020-09-27,0.1528,0.1753,-0.0225
2020-09-28,0.1635,0.1782,-0.0146
2020-09-29,0.1610,0.1772,-0.0162
2020-09-30,0.1669,0.1785,-0.0116
2020-10-01,0.1711,0.1794,-0.0083
2020-10-02,0.1724,0.1789,-0.0065
2020-10-03,0.1781,0.1816,-0.0035
2020-10-04,0.1838,0.1839,-0.0001
2020-10-05,0.1872,0.1854,0.0018
2020-10-06,0.1897,0.1888,0.0010
2020-10-07,0.1968,0.1917,0.0051
2020-10-08,0.2087,0.1961,0.0126
2020-10-09,0.2087,0.2003,0.0085
2020-10-10,0.2184,0.2043,0.0141
2020-10-11,0.2203,0.2078,0.0124
2020-10-12,0.2343,0.2138,0.0205
2020-10-13,0.2459,0.2191,0.0268
2020-10-14,0.2453,0.2212,0.0240
2020-10-15,0.2399,0.2213,0.0186
2020-10-16,0.2426,0.2230,0.0196
2020-10-17,0.2434,0.2239,0.0194
2020-10-18,0.2389,0.2244,0.0145
2020-10-19,0.2383,0.2264,0.0118
2020-10-20,0.2375,0.2277,0.0098
2020-10-21,0.2390,0.2306,0.0084
2020-10-22,0.2424,0.2313,0.0111
2020-10-23,0.2420,0.2316,0.0104
2020-10-24,0.2433,0.2323,0.0110
2020-10-25,0.2447,0.2349,0.0098
2020-10-26,0.2469,0.2363,0.0107
2020-10-27,0.2469,0.2368,0.0102
2020-10-28,0.2496,0.2370,0.0126
2020-10-29,0.2496,0.2365,0.0131
2020-10-30,0.2559,0.2381,0.0178
2020-10-31,0.2572,0.2391,0.0181
2020-11-01,0.2568,0.2398,0.0170
2020-11-02,0.2588,0.2424,0.0164
2020-11-03,0.2609,0.2439,0.0170
2020-11-04,0.2609,0.2450,0.0159
2020-11-05,0.2614,0.2463,0.0151
2020-11-06,0.2624,0.2474,0.0150
2020-11-07,0.2627,0.2480,0.0147
2020-11-08,0.2658,0.2501,0.0158
2020-11-09,0.2669,0.2525,0.0143
2020-11-10,0.2667,0.2538,0.0128
2020-11-11,0.2654,0.2550,0.0104
2020-11-12,0.2646,0.2556,0.0090
2020-11-13,0.2655,0.2562,0.0094
2020-11-14,0.2661,0.2548,0.0112
2020-11-15,0.2657,0.2567,0.0090
2020-11-16,0.2657,0.2590,0.0067
2020-11-17,0.2634,0.2606,0.0027
2020-11-18,0.2636,0.2620,0.0016
2020-11-19,0.2580,0.2630,-0.0049
2020-11-20,0.2570,0.2642,-0.0072
2020-11-21,0.2561,0.2650,-0.0089
2020-11-22,0.2543,0.2649,-0.0106
2020-11-23,0.2546,0.2657,-0.0110
2020-11-24,0.2541,0.2673,-0.0132
2020-11-25,0.2539,0.2684,-0.0145
2020-11-26,0.2533,0.2689,-0.0155
2020-11-27,0.2523,0.2698,-0.0175
2020-11-28,0.2510,0.2691,-0.0181
2020-11-29,0.2526,0.2696,-0.0170
2020-11-30,0.2516,0.2689,-0.0173
2020-12-01,0.2528,0.2701,-0.0173
2020-12-02,0.2525,0.2719,-0.0193
2020-12-03,0.2483,0.2719,-0.0236
2020-12-04,0.2475,0.2734,-0.0259
2020-12-05,0.2463,0.2730,-0.0267
2020-12-06,0.2478,0.2730,-0.0252
2020-12-07,0.2484,0.2750,-0.0266
2020-12-08,0.2470,0.2754,-0.0284
2020-12-09,0.2470,0.2761,-0.0291
2020-12-10,0.2471,0.2767,-0.0296
2020-12-11,0.2486,0.2790,-0.0304
2020-12-12,0.2479,0.2807,-0.0328
2020-12-13,0.2469,0.2809,-0.0340
2020-12-14,0.2484,0.2824,-0.0340
2020-12-15,0.2493,0.2832,-0.0340
2020-12-16,0.2495,0.2838,-0.0343
2020-12-17,0.2510,0.2834,-0.0324
2020-12-18,0.2524,0.2867,-0.0342
2020-12-19,0.2522,0.2870,-0.0347
2020-12-20,0.2548,0.2890,-0.0342
2020-12-21,0.2536,0.2899,-0.0363
2020-12-22,0.2613,0.2921,-0.0308
2020-12-23,0.2676,0.2949,-0.0274
2020-12-24,0.2702,0.2972,-0.0270
2020-12-25,0.2732,0.2980,-0.0248
2020-12-26,0.2739,0.2991,-0.0253
2020-12-27,0.2772,0.2981,-0.0209
2020-12-28,0.2804,0.2985,-0.0181
2020-12-29,0.2804,0.2977,-0.0174
2020-12-30,0.2820,0.2971,-0.0151
2020-12-31,0.2854,0.2952,-0.0098
2021-01-01,0.2892,0.2944,-0.0052
2021-01-02,0.2905,0.2939,-0.0034
2021-01-03,0.2927,0.2912,0.0014
2021-01-04,0.2954,0.2918,0.0036
2021-01-05,0.2959,0.2912,0.0047
2021-01-06,0.2982,0.2933,0.0049
2021-01-07,0.2996,0.2886,0.0110
2021-01-08,0.3020,0.2878,0.0142
2021-01-09,0.3035,0.2858,0.0178
2021-01-10,0.3024,0.2833,0.0191
2021-01-11,0.2988,0.2813,0.0175
2021-01-12,0.3021,0.2818,0.0203
2021-01-13,0.3020,0.2845,0.0175
2021-01-14,0.3017,0.2832,0.0184
2021-01-15,0.3019,0.2829,0.0189
2021-01-16,0.2980,0.2830,0.0149
2021-01-17,0.2965,0.2816,0.0149
2021-01-18,0.2865,0.2780,0.0086
2021-01-19,0.2853,0.2758,0.0095
2021-01-20,0.2893,0.2775,0.0118
2021-01-21,0.2925,0.2770,0.0155
2021-01-22,0.2913,0.2761,0.0152
2021-01-23,0.2925,0.2746,0.0179
2021-01-24,0.2948,0.2759,0.0190
2021-01-25,0.2943,0.2752,0.0191
2021-01-26,0.2918,0.2759,0.0158
2021-01-27,0.2897,0.2811,0.0086
2021-01-28,0.2922,0.2823,0.0098
2021-01-29,0.2886,0.2828,0.0058
2021-01-30,0.2886,0.2858,0.0029
2021-01-31,0.2806,0.2877,-0.0071
2021-02-01,0.2678,0.2845,-0.0167
2021-02-02,0.2650,0.2824,-0.0174
2021-02-03,0.2627,0.2859,-0.0232
2021-02-04,0.2593,0.2860,-0.0268
2021-02-05,0.2584,0.2857,-0.0273
2021-02-06,0.2547,0.2862,-0.0315
2021-02-07,0.2620,0.2914,-0.0294
2021-02-08,0.2507,0.2893,-0.0386
2021-02-09,0.2323,0.2850,-0.0527
2021-02-10,0.2241,0.2838,-0.0598
2021-02-11,0.2241,0.2825,-0.0584
2021-02-12,0.2165,0.2870,-0.0705
2021-02-13,0.1955,0.2810,-0.0855
2021-02-14,0.1886,0.2780,-0.0895
2021-02-15,0.1820,0.2771,-0.0952
2021-02-16,0.1838,0.2752,-0.0914
2021-02-17,0.1717,0.2730,-0.1013
2021-02-18,0.1643,0.2731,-0.1088
2021-02-19,0.1863,0.2764,-0.0901
2021-02-20,0.1866,0.2726,-0.0860
2021-02-21,0.2070,0.2756,-0.0686
2021-02-22,0.2222,0.2776,-0.0554
2021-02-23,0.2209,0.2730,-0.0521
2021-02-24,0.2318,0.2765,-0.0446
2021-02-25,0.2394,0.2747,-0.0353
2021-02-26,0.2423,0.2743,-0.0320
2021-02-27,0.2487,0.2743,-0.0256
2021-02-28,0.2620,0.2768,-0.0147
2021-03-01,0.2819,0.2789,0.0030
2021-03-02,0.2833,0.2800,0.0032
2021-03-03,0.2833,0.2795,0.0038
2021-03-04,0.2866,0.2791,0.0075
2021-03-05,0.3020,0.2821,0.0199
2021-03-06,0.3193,0.2874,0.0319
2021-03-07,0.3164,0.2884,0.0280
2021-03-08,0.3267,0.2923,0.0344
2021-03-09,0.3193,0.2913,0.0280
2021-03-10,0.3118,0.2915,0.0203
2021-03-11,0.3038,0.2898,0.0140
2021-03-12,0.3052,0.2909,0.0144
2021-03-13,0.3021,0.2919,0.0102
2021-03-14,0.2961,0.2893,0.0069
2021-03-15,0.2962,0.2906,0.0057
2021-03-16,0.2925,0.2898,0.0027
2021-03-17,0.2918,0.2895,0.0023
2021-03-18,0.2927,0.2888,0.0039
2021-03-19,0.2910,0.2900,0.0010
2021-03-20,0.2877,0.2886,-0.0008
2021-03-21,0.2883,0.2900,-0.0017
2021-03-22,0.2876,0.2899,-0.0023
2021-03-23,0.2895,0.2891,0.0004
2021-03-24,0.2866,0.2899,-0.0033
2021-03-25,0.2864,0.2905,-0.0041
2021-03-26,0.2864,0.2884,-0.0019
2021-03-27,0.2865,0.2869,-0.0004
2021-03-28,0.2849,0.2860,-0.0011
2021-03-29,0.2885,0.2854,0.0031
2021-03-30,0.2941,0.2841,0.0100
2021-03-31,0.2920,0.2826,0.0094
2021-04-01,0.2895,0.2799,0.0095
2021-04-02,0.2841,0.2777,0.0063
2021-04-03,0.2814,0.2801,0.0013
2021-04-04,0.2801,0.2775,0.0026
2021-04-05,0.2803,0.2756,0.0046
2021-04-06,0.2763,0.2752,0.0011
2021-04-07,0.2741,0.2745,-0.0004
2021-04-08,0.2741,0.2729,0.0013
2021-04-09,0.2763,0.2721,0.0042
2021-04-10,0.2705,0.2703,0.0002
2021-04-11,0.2724,0.2677,0.0047
2021-04-12,0.2692,0.2666,0.0026
2021-04-13,0.2679,0.2648,0.0031
2021-04-14,0.2663,0.2630,0.0033
2021-04-15,0.2646,0.2618,0.0027
2021-04-16,0.2654,0.2600,0.0053
2021-04-17,0.2654,0.2582,0.0073
2021-04-18,0.2619,0.2535,0.0083
2021-04-19,0.2607,0.2501,0.0106
2021-04-20,0.2602,0.2485,0.0116
2021-04-21,0.2584,0.2446,0.0138
2021-04-22,0.2578,0.2406,0.0171
2021-04-23,0.2585,0.2364,0.0221
2021-04-24,0.2554,0.2332,0.0222
2021-04-25,0.2532,0.2300,0.0232
2021-04-26,0.2481,0.2264,0.0217
2021-04-27,0.2443,0.2248,0.0195
2021-04-28,0.2418,0.2224,0.0194
2021-04-29,0.2392,0.2219,0.0172
2021-04-30,0.2396,0.2200,0.0196
2021-05-01,0.2349,0.2195,0.0154
2021-05-02,0.2349,0.2191,0.0158
2021-05-03,0.2334,0.2163,0.0171
2021-05-04,0.2321,0.2149,0.0172
2021-05-05,0.2341,0.2142,0.0199
2021-05-06,0.2307,0.2119,0.0187
2021-05-07,0.2303,0.2110,0.0192
2021-05-08,0.2282,0.2092,0.0190
2021-05-09,0.2267,0.2080,0.0187
2021-05-10,0.2280,0.2066,0.0214
2021-05-11,0.2272,0.2069,0.0203
2021-05-12,0.2274,0.2060,0.0214
2021-05-13,0.2301,0.2059,0.0242
2021-05-14,0.2311,0.2058,0.0253
2021-05-15,0.2308,0.2034,0.0273
2021-05-16,0.2323,0.2019,0.0303
2021-05-17,0.2350,0.2005,0.0345
2021-05-18,0.2378,0.1989,0.0389
2021-05-19,0.2403,0.1972,0.0431
2021-05-20,0.2354,0.1936,0.0418
2021-05-21,0.2346,0.1901,0.0445
2021-05-22,0.2346,0.1883,0.0463
2021-05-23,0.2333,0.1876,0.0457
2021-05-24,0.2307,0.1840,0.0466
2021-05-25,0.2284,0.1828,0.0456
2021-05-26,0.2272,0.1812,0.0459
2021-05-27,0.2274,0.1801,0.0473
2021-05-28,0.2271,0.1795,0.0477
2021-05-29,0.2255,0.1780,0.0475
2021-05-30,0.2240,0.1764,0.0476
2021-05-31,0.2198,0.1753,0.0445
2021-06-01,0.2147,0.1740,0.0407
2021-06-02,0.2108,0.1716,0.0391
2021-06-03,0.2077,0.1709,0.0369
2021-06-04,0.2061,0.1706,0.0355
2021-06-05,0.2024,0.1698,0.0326
2021-06-06,0.1996,0.1691,0.0306
2021-06-07,0.1936,0.1664,0.0272
2021-06-08,0.1909,0.1662,0.0246
2021-06-09,0.1850,0.1650,0.0200
2021-06-10,0.1817,0.1642,0.0175
2021-06-11,0.1777,0.1639,0.0138
2021-06-12,0.1744,0.1626,0.0118
2021-06-13,0.1694,0.1622,0.0073
2021-06-14,0.1662,0.1617,0.0045
2021-06-15,0.1624,0.1612,0.0011
2021-06-16,0.1576,0.1607,-0.0031
2021-06-17,0.1504,0.1599,-0.0095
2021-06-18,0.1458,0.1598,-0.0140
2021-06-19,0.1436,0.1596,-0.0161
2021-06-20,0.1414,0.1594,-0.0179
2021-06-21,0.1473,0.1604,-0.0131
2021-06-22,0.1499,0.1625,-0.0126
2021-06-23,0.1481,0.1633,-0.0152
2021-06-24,0.1506,0.1656,-0.0150
2021-06-25,0.1491,0.1660,-0.0169
2021-06-26,0.1476,0.1671,-0.0194
2021-06-27,0.1463,0.1673,-0.0210
2021-06-28,0.1454,0.1667,-0.0213
2021-06-29,0.1455,0.1677,-0.0222
2021-06-30,0.1484,0.1692,-0.0207
2021-07-01,0.1500,0.1704,-0.0204
2021-07-02,0.1545,0.1704,-0.0159
2021-07-03,0.1586,0.1706,-0.0120
2021-07-04,0.1611,0.1703,-0.0091
2021-07-05,0.1627,0.1711,-0.0084
2021-07-06,0.1678,0.1704,-0.0025
2021-07-07,0.1744,0.1712,0.0032
2021-07-08,0.1751,0.1721,0.0030
2021-07-09,0.1799,0.1734,0.0065
2021-07-10,0.1836,0.1746,0.0090
2021-07-11,0.1807,0.1754,0.0052
2021-07-12,0.1806,0.1749,0.0057
2021-07-13,0.1828,0.1779,0.0049
2021-07-14,0.1831,0.1772,0.0059
2021-07-15,0.1852,0.1785,0.0067
2021-07-16,0.1849,0.1797,0.0052
2021-07-17,0.1895,0.1809,0.0086
2021-07-18,0.1887,0.1815,0.0072
2021-07-19,0.1920,0.1830,0.0090
2021-07-20,0.1927,0.1828,0.0099
2021-07-21,0.1912,0.1818,0.0094
2021-07-22,0.1898,0.1830,0.0069
2021-07-23,0.1851,0.1829,0.0021
2021-07-24,0.1836,0.1819,0.0016
2021-07-25,0.1838,0.1815,0.0023
2021-07-26,0.1830,0.1819,0.0011
2021-07-27,0.1817,0.1781,0.0036
2021-07-28,0.1816,0.1794,0.0021
2021-07-29,0.1820,0.1788,0.0032
2021-07-30,0.1779,0.1810,-0.0031
2021-07-31,0.1749,0.1794,-0.0044
2021-08-01,0.1749,0.1824,-0.0074
2021-08-02,0.1711,0.1805,-0.0093
